xof 0303txt 0032

template XSkinMeshHeader {
  <3cf169ce-ff7c-44ab-93c0-f78f62d172e2>
  WORD nMaxSkinWeightsPerVertex;
  WORD nMaxSkinWeightsPerFace;
  WORD nBones;
}

template SkinWeights {
  <6f0d123b-bad2-4167-a0d0-80224f25fabb>
  STRING transformNodeName;
  DWORD nWeights;
  array DWORD vertexIndices[nWeights];
  array float weights[nWeights];
  Matrix4x4 matrixOffset;
}

Frame Root {
  FrameTransformMatrix {
     1.000000, 0.000000, 0.000000, 0.000000,
     0.000000,-0.000000, 1.000000, 0.000000,
     0.000000, 1.000000, 0.000000, 0.000000,
     0.000000, 0.000000, 0.000000, 1.000000;;
  }
  Frame Armature {
    FrameTransformMatrix {
       3.957522, 0.000000, 0.000000, 0.000000,
       0.000000, 3.957522, 0.000000, 0.000000,
       0.000000, 0.000000, 3.957522, 0.000000,
       0.000000, 0.187640,-0.011727, 1.000000;;
    }
    Frame Armature_hips {
      FrameTransformMatrix {
         1.000000, 0.000000, 0.000000, 0.000000,
        -0.000000,-0.123668, 0.992324, 0.000000,
         0.000000,-0.992324,-0.123668, 0.000000,
         0.000000,-0.028759, 1.032125, 1.000000;;
      }
      Frame Armature_spine {
        FrameTransformMatrix {
           1.000000,-0.000000,-0.000000, 0.000000,
           0.000000, 0.989270,-0.146098, 0.000000,
           0.000000, 0.146098, 0.989270, 0.000000,
           0.000000, 0.227403, 0.000000, 1.000000;;
        }
        Frame Armature_ribs {
          FrameTransformMatrix {
             1.000000,-0.000000, 0.000000, 0.000000,
             0.000000, 0.985359,-0.170492, 0.000000,
            -0.000000, 0.170492, 0.985359, 0.000000,
            -0.000000, 0.239651, 0.000000, 1.000000;;
          }
          Frame Armature_neck {
            FrameTransformMatrix {
               1.000000, 0.000000, 0.000000, 0.000000,
              -0.000000, 0.622864, 0.782330, 0.000000,
              -0.000000,-0.782330, 0.622864, 0.000000,
              -0.000000, 0.268842, 0.003851, 1.000000;;
            }
            Frame Armature_head {
              FrameTransformMatrix {
                 1.000000,-0.000000,-0.000000, 0.000000,
                -0.000000, 0.837889,-0.545840, 0.000000,
                 0.000000, 0.545840, 0.837889, 0.000000,
                -0.000000, 0.112941, 0.000000, 1.000000;;
              }
            } // End of Armature_head
          } // End of Armature_neck
          Frame Armature_shoulder_L {
            FrameTransformMatrix {
               0.380705,-0.117683, 0.917178, 0.000000,
               0.920125,-0.050299,-0.388382, 0.000000,
               0.091839, 0.991776, 0.089134, 0.000000,
               0.038055, 0.252674, 0.066901, 1.000000;;
            }
            Frame Armature_upper_arm_L {
              FrameTransformMatrix {
                -0.248178,-0.944923,-0.213374, 0.000000,
                 0.020850, 0.215004,-0.976390, 0.000000,
                 0.968490,-0.246767,-0.033657, 0.000000,
                -0.027153, 0.284986,-0.035636, 1.000000;;
              }
              Frame Armature_forearm_L {
                FrameTransformMatrix {
                   0.890635, 0.219027,-0.398493, 0.000000,
                  -0.076538, 0.936055, 0.343428, 0.000000,
                   0.448231,-0.275370, 0.850447, 0.000000,
                  -0.000000, 0.362971,-0.000000, 1.000000;;
                }
                Frame Armature_hand_L {
                  FrameTransformMatrix {
                     0.085159, 0.023958,-0.996079, 0.000000,
                    -0.143895, 0.989526, 0.011499, 0.000000,
                     0.985922, 0.142352, 0.087714, 0.000000,
                    -0.000000, 0.426516,-0.000000, 1.000000;;
                  }
                  Frame Armature_palm_01_L {
                    FrameTransformMatrix {
                       0.999960, 0.008851,-0.001618, 0.000000,
                      -0.008997, 0.985026,-0.172174, 0.000000,
                       0.000070, 0.172181, 0.985065, 0.000000,
                      -0.025907, 0.081147,-0.023864, 1.000000;;
                    }
                    Frame Armature_finger_index_01_L {
                      FrameTransformMatrix {
                         0.927259, 0.299576, 0.224601, 0.000000,
                        -0.371389, 0.812082, 0.450103, 0.000000,
                        -0.047555,-0.500776, 0.864269, 0.000000,
                        -0.000000, 0.062602, 0.000000, 1.000000;;
                      }
                    } // End of Armature_finger_index_01_L
                    Frame Armature_thumb_01_L {
                      FrameTransformMatrix {
                         0.283032,-0.101146,-0.953762, 0.000000,
                        -0.538190, 0.806360,-0.245224, 0.000000,
                         0.793879, 0.582712, 0.173790, 0.000000,
                         0.003795,-0.055682,-0.013590, 1.000000;;
                      }
                      Frame Armature_thumb_02_L {
                        FrameTransformMatrix {
                           0.775787, 0.567915, 0.275005, 0.000000,
                          -0.586308, 0.809877,-0.018512, 0.000000,
                          -0.233233,-0.146877, 0.961264, 0.000000,
                           0.000000, 0.065200,-0.000000, 1.000000;;
                        }
                      } // End of Armature_thumb_02_L
                    } // End of Armature_thumb_01_L
                  } // End of Armature_palm_01_L
                  Frame Armature_palm_02_L {
                    FrameTransformMatrix {
                       0.993676, 0.111462, 0.013568, 0.000000,
                      -0.110899, 0.993145,-0.036937, 0.000000,
                      -0.017592, 0.035199, 0.999226, 0.000000,
                       0.001608, 0.083998, 0.008765, 1.000000;;
                    }
                    Frame Armature_finger_middle_01_L {
                      FrameTransformMatrix {
                         0.949800, 0.233631, 0.208080, 0.000000,
                        -0.269490, 0.948795, 0.164814, 0.000000,
                        -0.158920,-0.212616, 0.964126, 0.000000,
                         0.000000, 0.064376,-0.000000, 1.000000;;
                      }
                    } // End of Armature_finger_middle_01_L
                  } // End of Armature_palm_02_L
                  Frame Armature_palm_03_L {
                    FrameTransformMatrix {
                       0.999924, 0.004346,-0.011508, 0.000000,
                      -0.005262, 0.996716,-0.080804, 0.000000,
                       0.011119, 0.080859, 0.996664, 0.000000,
                       0.024540, 0.075437, 0.039040, 1.000000;;
                    }
                    Frame Armature_finger_ring_01_L {
                      FrameTransformMatrix {
                         0.821822, 0.305556, 0.480879, 0.000000,
                        -0.408456, 0.904400, 0.123386, 0.000000,
                        -0.397206,-0.297820, 0.868062, 0.000000,
                        -0.000000, 0.081485, 0.000000, 1.000000;;
                      }
                    } // End of Armature_finger_ring_01_L
                  } // End of Armature_palm_03_L
                } // End of Armature_hand_L
              } // End of Armature_forearm_L
            } // End of Armature_upper_arm_L
          } // End of Armature_shoulder_L
          Frame Armature_shoulder_R {
            FrameTransformMatrix {
               0.380705, 0.117683,-0.917178, 0.000000,
              -0.920125,-0.050299,-0.388382, 0.000000,
              -0.091839, 0.991777, 0.089134, 0.000000,
              -0.038055, 0.252674, 0.066901, 1.000000;;
            }
            Frame Armature_upper_arm_R {
              FrameTransformMatrix {
                -0.248178, 0.944923, 0.213374, 0.000000,
                -0.020850, 0.215004,-0.976390, 0.000000,
                -0.968490,-0.246767,-0.033657, 0.000000,
                 0.027153, 0.284986,-0.035636, 1.000000;;
              }
              Frame Armature_forearm_R {
                FrameTransformMatrix {
                   0.890635,-0.219026, 0.398493, 0.000000,
                   0.076538, 0.936055, 0.343428, 0.000000,
                  -0.448231,-0.275370, 0.850447, 0.000000,
                  -0.000000, 0.362971,-0.000000, 1.000000;;
                }
                Frame Armature_hand_R {
                  FrameTransformMatrix {
                     0.085159,-0.023958, 0.996079, 0.000000,
                     0.143895, 0.989526, 0.011499, 0.000000,
                    -0.985922, 0.142352, 0.087714, 0.000000,
                     0.000000, 0.426516, 0.000000, 1.000000;;
                  }
                  Frame Armature_palm_01_R {
                    FrameTransformMatrix {
                       0.999960,-0.008851, 0.001619, 0.000000,
                       0.008997, 0.985026,-0.172174, 0.000000,
                      -0.000071, 0.172181, 0.985065, 0.000000,
                       0.025907, 0.081147,-0.023864, 1.000000;;
                    }
                    Frame Armature_finger_index_01_R {
                      FrameTransformMatrix {
                         0.927259,-0.299576,-0.224601, 0.000000,
                         0.371389, 0.812082, 0.450103, 0.000000,
                         0.047555,-0.500776, 0.864269, 0.000000,
                         0.000000, 0.062602, 0.000000, 1.000000;;
                      }
                    } // End of Armature_finger_index_01_R
                    Frame Armature_thumb_01_R {
                      FrameTransformMatrix {
                         0.283032, 0.101146, 0.953762, 0.000000,
                         0.538190, 0.806360,-0.245224, 0.000000,
                        -0.793879, 0.582712, 0.173790, 0.000000,
                        -0.003795,-0.055682,-0.013590, 1.000000;;
                      }
                      Frame Armature_thumb_02_R {
                        FrameTransformMatrix {
                           0.775787,-0.567915,-0.275005, 0.000000,
                           0.586308, 0.809877,-0.018512, 0.000000,
                           0.233233,-0.146877, 0.961264, 0.000000,
                           0.000000, 0.065200,-0.000000, 1.000000;;
                        }
                      } // End of Armature_thumb_02_R
                    } // End of Armature_thumb_01_R
                  } // End of Armature_palm_01_R
                  Frame Armature_palm_02_R {
                    FrameTransformMatrix {
                       0.993676,-0.111462,-0.013568, 0.000000,
                       0.110899, 0.993145,-0.036937, 0.000000,
                       0.017592, 0.035199, 0.999226, 0.000000,
                      -0.001608, 0.083998, 0.008765, 1.000000;;
                    }
                    Frame Armature_finger_middle_01_R {
                      FrameTransformMatrix {
                         0.949800,-0.233631,-0.208080, 0.000000,
                         0.269490, 0.948795, 0.164814, 0.000000,
                         0.158920,-0.212616, 0.964126, 0.000000,
                         0.000000, 0.064376,-0.000000, 1.000000;;
                      }
                    } // End of Armature_finger_middle_01_R
                  } // End of Armature_palm_02_R
                  Frame Armature_palm_03_R {
                    FrameTransformMatrix {
                       0.999924,-0.004346, 0.011508, 0.000000,
                       0.005262, 0.996716,-0.080804, 0.000000,
                      -0.011119, 0.080859, 0.996664, 0.000000,
                      -0.024540, 0.075437, 0.039040, 1.000000;;
                    }
                    Frame Armature_finger_ring_01_R {
                      FrameTransformMatrix {
                         0.821822,-0.305556,-0.480879, 0.000000,
                         0.408456, 0.904400, 0.123386, 0.000000,
                         0.397206,-0.297820, 0.868062, 0.000000,
                        -0.000000, 0.081485, 0.000000, 1.000000;;
                      }
                    } // End of Armature_finger_ring_01_R
                  } // End of Armature_palm_03_R
                } // End of Armature_hand_R
              } // End of Armature_forearm_R
            } // End of Armature_upper_arm_R
          } // End of Armature_shoulder_R
        } // End of Armature_ribs
      } // End of Armature_spine
      Frame Armature_thigh_L {
        FrameTransformMatrix {
           0.998460, 0.054174,-0.012450, 0.000000,
           0.054829,-0.996668, 0.060381, 0.000000,
          -0.009125,-0.060970,-0.998105, 0.000000,
           0.093061, 0.010869, 0.024357, 1.000000;;
        }
        Frame Armature_shin_L {
          FrameTransformMatrix {
             0.994227, 0.107013,-0.007828, 0.000000,
            -0.106798, 0.993990, 0.024038, 0.000000,
             0.010353,-0.023063, 0.999680, 0.000000,
            -0.000000, 0.405346,-0.000000, 1.000000;;
          }
        } // End of Armature_shin_L
      } // End of Armature_thigh_L
      Frame Armature_thigh_R {
        FrameTransformMatrix {
           0.998459,-0.054174, 0.012450, 0.000000,
          -0.054829,-0.996668, 0.060381, 0.000000,
           0.009125,-0.060970,-0.998105, 0.000000,
          -0.093061, 0.010869, 0.024357, 1.000000;;
        }
        Frame Armature_shin_R {
          FrameTransformMatrix {
             0.994227,-0.107013, 0.007828, 0.000000,
             0.106798, 0.993990, 0.024038, 0.000000,
            -0.010353,-0.023063, 0.999680, 0.000000,
            -0.000000, 0.405346,-0.000000, 1.000000;;
          }
        } // End of Armature_shin_R
      } // End of Armature_thigh_R
    } // End of Armature_hips
    Frame Armature_lk_foot_R {
      FrameTransformMatrix {
         1.000000, 0.000000, 0.000000, 0.000000,
         0.000000, 0.000000,-1.000000, 0.000000,
        -0.000000, 1.000000, 0.000000, 0.000000,
        -0.088122, 0.016200, 0.119772, 1.000000;;
      }
      Frame Armature_foot_R {
        FrameTransformMatrix {
           0.997379, 0.044717,-0.056879, 0.000000,
          -0.071943, 0.696504,-0.713937, 0.000000,
           0.007691, 0.716158, 0.697896, 0.000000,
          -0.000000,-0.000000, 0.000000, 1.000000;;
        }
        Frame Armature_toe_R {
          FrameTransformMatrix {
            -0.997379, 0.071943,-0.007691, 0.000000,
             0.060832, 0.776281,-0.627444, 0.000000,
            -0.039170,-0.626268,-0.778623, 0.000000,
             0.000000, 0.137299,-0.000000, 1.000000;;
          }
        } // End of Armature_toe_R
      } // End of Armature_foot_R
      Frame Armature_heel_R {
        FrameTransformMatrix {
          -0.997495,-0.057508,-0.041181, 0.000000,
          -0.070506, 0.854928, 0.513934, 0.000000,
           0.005651, 0.515550,-0.856841, 0.000000,
          -0.000000,-0.000000, 0.000000, 1.000000;;
        }
      } // End of Armature_heel_R
    } // End of Armature_lk_foot_R
    Frame Armature_lk_foot_L {
      FrameTransformMatrix {
         1.000000,-0.000000, 0.000000, 0.000000,
         0.000000, 0.000000,-1.000000, 0.000000,
         0.000000, 1.000000, 0.000000, 0.000000,
         0.088122, 0.016200, 0.119772, 1.000000;;
      }
      Frame Armature_foot_L {
        FrameTransformMatrix {
           0.997379,-0.044717, 0.056879, 0.000000,
           0.071943, 0.696504,-0.713937, 0.000000,
          -0.007691, 0.716158, 0.697896, 0.000000,
           0.000000,-0.000000, 0.000000, 1.000000;;
        }
        Frame Armature_toe_L {
          FrameTransformMatrix {
            -0.997379,-0.071943, 0.007691, 0.000000,
            -0.060832, 0.776281,-0.627444, 0.000000,
             0.039170,-0.626268,-0.778623, 0.000000,
            -0.000000, 0.137299,-0.000000, 1.000000;;
          }
        } // End of Armature_toe_L
      } // End of Armature_foot_L
      Frame Armature_heel_L {
        FrameTransformMatrix {
          -0.997495, 0.057508, 0.041181, 0.000000,
           0.070506, 0.854928, 0.513934, 0.000000,
          -0.005651, 0.515550,-0.856841, 0.000000,
           0.000000,-0.000000, 0.000000, 1.000000;;
        }
      } // End of Armature_heel_L
    } // End of Armature_lk_foot_L
    Frame new_thin_zombie {
      FrameTransformMatrix {
         0.252683, 0.000000, 0.000000, 0.000000,
         0.000000, 0.252683, 0.000000, 0.000000,
         0.000000, 0.000000, 0.252683, 0.000000,
         0.000000,-0.047413, 1.075641, 1.000000;;
      }
      Mesh { // new_thin_zombie mesh
        528;
        -0.747274;-0.344241; 2.093806;,
         0.081113;-0.496514; 0.155083;,
         0.350374;-0.514177; 1.827435;,
         0.081113;-0.496514; 0.155083;,
        -0.510942;-0.184773; 1.116103;,
        -0.444059;-0.360631;-0.019448;,
         0.043216;-0.768547; 3.605310;,
         0.494041;-0.214039; 3.646971;,
         0.263934;-0.370247; 4.088022;,
         1.183439;-0.001904; 1.331740;,
         1.682441;-0.358756;-0.442545;,
         1.506871; 0.446052; 1.294173;,
         1.506871; 0.446052; 1.294173;,
         1.815217;-0.193000;-0.419525;,
         1.318874; 0.578540; 0.848353;,
         0.971180; 0.315011; 1.893255;,
         0.350374;-0.514177; 1.827435;,
         0.528801;-0.152781; 1.137563;,
        -1.112877; 0.719057; 2.220910;,
        -1.378069; 0.325893; 2.654829;,
        -0.651678; 0.619144; 3.031292;,
        -0.290526; 0.334010;-0.093971;,
         0.481951; 0.315601;-0.280881;,
         0.000162;-0.043045;-0.376805;,
        -0.566588;-0.049217;-2.090396;,
        -0.436632; 0.420101;-1.033133;,
        -0.452560; 0.256507;-1.714138;,
        -1.724589; 0.256909; 0.638595;,
        -1.210111;-0.000016; 1.211029;,
        -1.447675; 0.364553; 1.531090;,
         0.436659;-0.430667;-1.317290;,
         0.000162;-0.043045;-0.376805;,
         0.223200; 0.126557;-2.013231;,
         0.373700; 0.025626; 2.972707;,
         0.083073;-0.114204; 2.682234;,
         1.361134; 0.384465; 2.661698;,
        -0.716624; 0.021940;-0.092736;,
        -0.290526; 0.334010;-0.093971;,
        -0.436632; 0.420101;-1.033133;,
        -0.474327; 0.610545;-2.501417;,
        -0.345161; 0.516194;-4.230866;,
        -0.416540; 0.207725;-3.678556;,
         1.863142;-0.700441;-0.718943;,
         1.682441;-0.358756;-0.442545;,
         1.608923;-0.296633;-0.901255;,
        -1.724589; 0.256909; 0.638595;,
        -1.693088;-0.392510;-0.469639;,
        -1.210111;-0.000016; 1.211029;,
         0.207179; 0.217927; 3.171475;,
        -0.651678; 0.619144; 3.031292;,
        -0.376683;-0.020893; 2.920344;,
        -0.566588;-0.049217;-2.090396;,
        -0.416540; 0.207725;-3.678556;,
        -0.253055; 0.218147;-3.793709;,
         1.318874; 0.578540; 0.848353;,
         1.608923;-0.296633;-0.901255;,
         1.021961; 0.436813; 0.933134;,
         0.083073;-0.114204; 2.682234;,
        -0.935237;-0.182803; 2.530824;,
         0.350374;-0.514177; 1.827435;,
        -0.969710; 0.326704; 1.900303;,
        -1.112877; 0.719057; 2.220910;,
        -0.516534; 1.101000; 2.279676;,
        -0.723302; 0.258343;-2.589051;,
        -0.452560; 0.256507;-1.714138;,
        -0.474327; 0.610545;-2.501417;,
        -1.062666; 0.561571; 0.959429;,
        -1.613157;-0.293139;-0.904383;,
        -1.724589; 0.256909; 0.638595;,
        -0.716624; 0.021940;-0.092736;,
        -0.436632; 0.420101;-1.033133;,
        -0.566588;-0.049217;-2.090396;,
         0.263934;-0.370247; 4.088022;,
        -0.315148;-0.417575; 4.036997;,
         0.043216;-0.768547; 3.605310;,
        -0.716624; 0.021940;-0.092736;,
        -0.499701;-0.482619;-1.118189;,
        -0.444059;-0.360631;-0.019448;,
        -0.716624; 0.021940;-0.092736;,
        -0.566588;-0.049217;-2.090396;,
        -0.499701;-0.482619;-1.118189;,
        -1.210111;-0.000016; 1.211029;,
        -1.693088;-0.392510;-0.469639;,
        -1.613157;-0.293139;-0.904383;,
        -0.164033; 0.377397;-4.235026;,
        -0.635389;-0.252323;-4.235701;,
        -0.345161; 0.516194;-4.230866;,
         0.509030; 1.051354; 2.145010;,
        -0.011242; 0.883581; 2.099786;,
        -0.047503; 0.841069; 2.761396;,
        -0.223765; 0.389864; 3.333203;,
         0.207179; 0.217927; 3.171475;,
        -0.376683;-0.020893; 2.920344;,
         0.528801;-0.152781; 1.137563;,
         0.727752;-0.104560;-0.102144;,
         0.418348; 0.383765; 1.117718;,
        -0.221431; 0.127200;-1.997681;,
        -0.253055; 0.218147;-3.793709;,
        -0.345161; 0.516194;-4.230866;,
        -1.724589; 0.256909; 0.638595;,
        -1.447675; 0.364553; 1.531090;,
        -1.062666; 0.561571; 0.959429;,
        -1.724589; 0.256909; 0.638595;,
        -1.613157;-0.293139;-0.904383;,
        -1.820899;-0.208886;-0.431628;,
        -1.851548;-0.883074;-0.691179;,
        -1.820899;-0.208886;-0.431628;,
        -2.036697;-0.579596;-0.770865;,
        -0.416540; 0.207725;-3.678556;,
        -0.635389;-0.252323;-4.235701;,
        -0.253055; 0.218147;-3.793709;,
        -1.112877; 0.719057; 2.220910;,
        -1.062666; 0.561571; 0.959429;,
        -1.447675; 0.364553; 1.531090;,
        -0.566588;-0.049217;-2.090396;,
        -0.253055; 0.218147;-3.793709;,
        -0.221431; 0.127200;-1.997681;,
        -1.112877; 0.719057; 2.220910;,
        -1.447675; 0.364553; 1.531090;,
        -1.378069; 0.325893; 2.654829;,
         1.183439;-0.001904; 1.331740;,
         0.971180; 0.315011; 1.893255;,
         1.021961; 0.436813; 0.933134;,
        -1.378069; 0.325893; 2.654829;,
        -1.164114; 0.078241; 2.045585;,
        -0.747274;-0.344241; 2.093806;,
        -0.969710; 0.326704; 1.900303;,
        -1.164114; 0.078241; 2.045585;,
        -1.210111;-0.000016; 1.211029;,
        -1.378069; 0.325893; 2.654829;,
         0.083073;-0.114204; 2.682234;,
        -0.376683;-0.020893; 2.920344;,
        -0.436632; 0.420101;-1.033133;,
        -0.290526; 0.334010;-0.093971;,
         0.000162;-0.043045;-0.376805;,
        -0.651678; 0.619144; 3.031292;,
        -1.378069; 0.325893; 2.654829;,
        -0.376683;-0.020893; 2.920344;,
        -0.011242; 0.883581; 2.099786;,
         0.418348; 0.383765; 1.117718;,
        -0.449161; 0.378530; 1.153470;,
         1.953853;-0.674000;-1.198700;,
         1.863142;-0.700441;-0.718943;,
         1.608923;-0.296633;-0.901255;,
        -0.011242; 0.883581; 2.099786;,
        -0.449161; 0.378530; 1.153470;,
        -0.516534; 1.101000; 2.279676;,
         1.361134; 0.384465; 2.661698;,
         1.506871; 0.446052; 1.294173;,
         1.073819; 0.741010; 2.307425;,
        -0.011242; 0.883581; 2.099786;,
        -0.516534; 1.101000; 2.279676;,
        -0.047503; 0.841069; 2.761396;,
        -0.716624; 0.021940;-0.092736;,
        -0.449161; 0.378530; 1.153470;,
        -0.290526; 0.334010;-0.093971;,
        -0.314120;-0.567878; 3.277039;,
         0.043216;-0.768547; 3.605310;,
        -0.496989;-0.193360; 3.602829;,
         1.855052;-0.426747;-1.252212;,
         1.608923;-0.296633;-0.901255;,
         1.815217;-0.193000;-0.419525;,
        -0.314120;-0.567878; 3.277039;,
        -0.496989;-0.193360; 3.602829;,
        -0.223765; 0.389864; 3.333203;,
         0.207179; 0.217927; 3.171475;,
        -0.223765; 0.389864; 3.333203;,
         0.203258; 0.366286; 3.914127;,
         0.000162;-0.043045;-0.376805;,
         0.481951; 0.315601;-0.280881;,
         0.422974; 0.327621;-1.658910;,
         0.256932;-0.629441; 3.201198;,
         0.373700; 0.025626; 2.972707;,
         0.207179; 0.217927; 3.171475;,
         0.418348; 0.383765; 1.117718;,
        -0.011242; 0.883581; 2.099786;,
         0.509030; 1.051354; 2.145010;,
        -0.516534; 1.101000; 2.279676;,
        -0.651678; 0.619144; 3.031292;,
        -0.047503; 0.841069; 2.761396;,
         0.535405; 0.841708; 2.914176;,
        -0.047503; 0.841069; 2.761396;,
         0.207179; 0.217927; 3.171475;,
        -0.223765; 0.389864; 3.333203;,
        -0.376683;-0.020893; 2.920344;,
        -0.314120;-0.567878; 3.277039;,
         0.598160; 0.596208;-2.576424;,
         0.444768; 0.288590;-3.875107;,
         0.354659; 0.521635;-4.237325;,
         0.596415; 0.005812;-2.124104;,
         0.444768; 0.288590;-3.875107;,
         0.598160; 0.596208;-2.576424;,
         0.285594; 0.188923;-3.761276;,
         0.444768; 0.288590;-3.875107;,
         0.596415; 0.005812;-2.124104;,
         1.506871; 0.446052; 1.294173;,
         1.152272; 0.073881; 2.053242;,
         1.183439;-0.001904; 1.331740;,
         0.598160; 0.596208;-2.576424;,
         0.422974; 0.327621;-1.658910;,
         0.596415; 0.005812;-2.124104;,
         0.596415; 0.005812;-2.124104;,
         0.727752;-0.104560;-0.102144;,
         0.436659;-0.430667;-1.317290;,
         1.021961; 0.436813; 0.933134;,
         1.608923;-0.296633;-0.901255;,
         1.682441;-0.358756;-0.442545;,
         0.598160; 0.596208;-2.576424;,
         0.354659; 0.521635;-4.237325;,
         0.285594; 0.188923;-3.761276;,
         0.535405; 0.841708; 2.914176;,
         0.207179; 0.217927; 3.171475;,
         1.361134; 0.384465; 2.661698;,
         0.444768; 0.288590;-3.875107;,
         0.285594; 0.188923;-3.761276;,
         0.547837;-0.494852;-4.242267;,
         0.598160; 0.596208;-2.576424;,
         0.285594; 0.188923;-3.761276;,
         0.223200; 0.126557;-2.013231;,
         0.165406; 0.310787;-4.219892;,
         0.354659; 0.521635;-4.237325;,
         0.547837;-0.494852;-4.242267;,
        -0.290526; 0.334010;-0.093971;,
        -0.449161; 0.378530; 1.153470;,
         0.418348; 0.383765; 1.117718;,
         0.223200; 0.126557;-2.013231;,
         0.422974; 0.327621;-1.658910;,
         0.598160; 0.596208;-2.576424;,
        -0.474327; 0.610545;-2.501417;,
        -0.452560; 0.256507;-1.714138;,
        -0.221431; 0.127200;-1.997681;,
         0.223200; 0.126557;-2.013231;,
         0.000162;-0.043045;-0.376805;,
         0.422974; 0.327621;-1.658910;,
        -1.962122;-0.675087;-1.197274;,
        -2.036697;-0.579596;-0.770865;,
        -1.851075;-0.392682;-1.211416;,
         1.506871; 0.446052; 1.294173;,
         1.318874; 0.578540; 0.848353;,
         1.073819; 0.741010; 2.307425;,
         1.152272; 0.073881; 2.053242;,
         0.971180; 0.315011; 1.893255;,
         1.183439;-0.001904; 1.331740;,
         0.727752;-0.104560;-0.102144;,
         0.000162;-0.043045;-0.376805;,
         0.436659;-0.430667;-1.317290;,
         0.000162;-0.043045;-0.376805;,
         0.727752;-0.104560;-0.102144;,
         0.081113;-0.496514; 0.155083;,
         1.855052;-0.426747;-1.252212;,
         1.815217;-0.193000;-0.419525;,
         2.064987;-0.483683;-0.702728;,
         0.256932;-0.629441; 3.201198;,
        -0.010780;-0.836870; 2.804068;,
         0.373700; 0.025626; 2.972707;,
         0.207179; 0.217927; 3.171475;,
         0.494041;-0.214039; 3.646971;,
         0.256932;-0.629441; 3.201198;,
        -0.444059;-0.360631;-0.019448;,
         0.000162;-0.043045;-0.376805;,
         0.081113;-0.496514; 0.155083;,
        -0.047503; 0.841069; 2.761396;,
        -0.651678; 0.619144; 3.031292;,
         0.207179; 0.217927; 3.171475;,
        -1.613157;-0.293139;-0.904383;,
        -1.962122;-0.675087;-1.197274;,
        -1.851075;-0.392682;-1.211416;,
        -0.969710; 0.326704; 1.900303;,
        -0.510942;-0.184773; 1.116103;,
        -0.747274;-0.344241; 2.093806;,
         0.915335;-0.266367; 2.352150;,
         1.506871; 0.446052; 1.294173;,
         1.361134; 0.384465; 2.661698;,
         0.000162;-0.043045;-0.376805;,
        -0.221431; 0.127200;-1.997681;,
        -0.436632; 0.420101;-1.033133;,
         0.223200; 0.126557;-2.013231;,
         0.285594; 0.188923;-3.761276;,
         0.596415; 0.005812;-2.124104;,
        -0.253055; 0.218147;-3.793709;,
        -0.406596;-0.503967;-4.193357;,
        -0.164033; 0.377397;-4.235026;,
        -0.345161; 0.516194;-4.230866;,
        -0.635389;-0.252323;-4.235701;,
        -0.416540; 0.207725;-3.678556;,
         0.971180; 0.315011; 1.893255;,
         0.418348; 0.383765; 1.117718;,
         0.509030; 1.051354; 2.145010;,
         0.971180; 0.315011; 1.893255;,
         0.528801;-0.152781; 1.137563;,
         0.418348; 0.383765; 1.117718;,
        -1.210111;-0.000016; 1.211029;,
        -1.613157;-0.293139;-0.904383;,
        -1.062666; 0.561571; 0.959429;,
         0.915335;-0.266367; 2.352150;,
         1.152272; 0.073881; 2.053242;,
         1.506871; 0.446052; 1.294173;,
        -0.516534; 1.101000; 2.279676;,
        -0.449161; 0.378530; 1.153470;,
        -0.969710; 0.326704; 1.900303;,
         0.528801;-0.152781; 1.137563;,
         0.081113;-0.496514; 0.155083;,
         0.727752;-0.104560;-0.102144;,
         0.350374;-0.514177; 1.827435;,
         0.081113;-0.496514; 0.155083;,
         0.528801;-0.152781; 1.137563;,
        -0.164033; 0.377397;-4.235026;,
        -0.345161; 0.516194;-4.230866;,
        -0.253055; 0.218147;-3.793709;,
        -0.315148;-0.417575; 4.036997;,
        -0.496989;-0.193360; 3.602829;,
         0.043216;-0.768547; 3.605310;,
        -0.716624; 0.021940;-0.092736;,
        -0.444059;-0.360631;-0.019448;,
        -0.510942;-0.184773; 1.116103;,
        -0.436632; 0.420101;-1.033133;,
        -0.221431; 0.127200;-1.997681;,
        -0.452560; 0.256507;-1.714138;,
         1.073819; 0.741010; 2.307425;,
         1.318874; 0.578540; 0.848353;,
         1.021961; 0.436813; 0.933134;,
        -1.378069; 0.325893; 2.654829;,
        -0.935237;-0.182803; 2.530824;,
         0.083073;-0.114204; 2.682234;,
        -0.499701;-0.482619;-1.118189;,
        -0.221431; 0.127200;-1.997681;,
         0.000162;-0.043045;-0.376805;,
         1.953853;-0.674000;-1.198700;,
         2.064987;-0.483683;-0.702728;,
         1.863142;-0.700441;-0.718943;,
        -0.406596;-0.503967;-4.193357;,
        -0.253055; 0.218147;-3.793709;,
        -0.635389;-0.252323;-4.235701;,
        -1.112877; 0.719057; 2.220910;,
        -0.651678; 0.619144; 3.031292;,
        -0.516534; 1.101000; 2.279676;,
         0.971180; 0.315011; 1.893255;,
         1.152272; 0.073881; 2.053242;,
         0.350374;-0.514177; 1.827435;,
        -0.449161; 0.378530; 1.153470;,
        -0.716624; 0.021940;-0.092736;,
        -0.510942;-0.184773; 1.116103;,
         0.256932;-0.629441; 3.201198;,
         0.014916;-0.857138; 3.358124;,
        -0.314120;-0.567878; 3.277039;,
        -1.378069; 0.325893; 2.654829;,
        -0.747274;-0.344241; 2.093806;,
        -0.935237;-0.182803; 2.530824;,
         1.855052;-0.426747;-1.252212;,
         1.953853;-0.674000;-1.198700;,
         1.608923;-0.296633;-0.901255;,
         1.021961; 0.436813; 0.933134;,
         1.682441;-0.358756;-0.442545;,
         1.183439;-0.001904; 1.331740;,
         0.596415; 0.005812;-2.124104;,
         0.422974; 0.327621;-1.658910;,
         0.727752;-0.104560;-0.102144;,
        -1.820899;-0.208886;-0.431628;,
        -1.613157;-0.293139;-0.904383;,
        -1.851075;-0.392682;-1.211416;,
        -0.449161; 0.378530; 1.153470;,
        -0.510942;-0.184773; 1.116103;,
        -0.969710; 0.326704; 1.900303;,
         0.165406; 0.310787;-4.219892;,
         0.285594; 0.188923;-3.761276;,
         0.354659; 0.521635;-4.237325;,
         0.494041;-0.214039; 3.646971;,
         0.043216;-0.768547; 3.605310;,
         0.256932;-0.629441; 3.201198;,
         0.263934;-0.370247; 4.088022;,
         0.494041;-0.214039; 3.646971;,
         0.203258; 0.366286; 3.914127;,
        -1.062666; 0.561571; 0.959429;,
        -1.112877; 0.719057; 2.220910;,
        -0.969710; 0.326704; 1.900303;,
        -0.566588;-0.049217;-2.090396;,
        -0.221431; 0.127200;-1.997681;,
        -0.499701;-0.482619;-1.118189;,
        -1.378069; 0.325893; 2.654829;,
        -1.447675; 0.364553; 1.531090;,
        -1.164114; 0.078241; 2.045585;,
        -1.820899;-0.208886;-0.431628;,
        -1.693088;-0.392510;-0.469639;,
        -1.724589; 0.256909; 0.638595;,
        -1.851548;-0.883074;-0.691179;,
        -2.036697;-0.579596;-0.770865;,
        -1.693088;-0.392510;-0.469639;,
         0.535405; 0.841708; 2.914176;,
         1.361134; 0.384465; 2.661698;,
         1.073819; 0.741010; 2.307425;,
         0.256932;-0.629441; 3.201198;,
        -0.314120;-0.567878; 3.277039;,
        -0.010780;-0.836870; 2.804068;,
        -1.164114; 0.078241; 2.045585;,
        -1.447675; 0.364553; 1.531090;,
        -1.210111;-0.000016; 1.211029;,
        -1.962122;-0.675087;-1.197274;,
        -1.613157;-0.293139;-0.904383;,
        -2.036697;-0.579596;-0.770865;,
        -1.613157;-0.293139;-0.904383;,
        -1.693088;-0.392510;-0.469639;,
        -2.036697;-0.579596;-0.770865;,
        -1.062666; 0.561571; 0.959429;,
        -0.969710; 0.326704; 1.900303;,
        -1.210111;-0.000016; 1.211029;,
         0.083073;-0.114204; 2.682234;,
        -0.010780;-0.836870; 2.804068;,
        -0.376683;-0.020893; 2.920344;,
        -0.164033; 0.377397;-4.235026;,
        -0.406596;-0.503967;-4.193357;,
        -0.635389;-0.252323;-4.235701;,
        -0.510942;-0.184773; 1.116103;,
         0.081113;-0.496514; 0.155083;,
        -0.747274;-0.344241; 2.093806;,
         0.256932;-0.629441; 3.201198;,
         0.043216;-0.768547; 3.605310;,
         0.014916;-0.857138; 3.358124;,
        -0.350475; 0.235171; 3.853376;,
        -0.315148;-0.417575; 4.036997;,
         0.203258; 0.366286; 3.914127;,
        -0.499701;-0.482619;-1.118189;,
         0.000162;-0.043045;-0.376805;,
        -0.444059;-0.360631;-0.019448;,
         0.203258; 0.366286; 3.914127;,
        -0.315148;-0.417575; 4.036997;,
         0.263934;-0.370247; 4.088022;,
        -0.223765; 0.389864; 3.333203;,
        -0.350475; 0.235171; 3.853376;,
         0.203258; 0.366286; 3.914127;,
        -0.314120;-0.567878; 3.277039;,
        -0.376683;-0.020893; 2.920344;,
        -0.010780;-0.836870; 2.804068;,
         0.014916;-0.857138; 3.358124;,
         0.043216;-0.768547; 3.605310;,
        -0.314120;-0.567878; 3.277039;,
         0.083073;-0.114204; 2.682234;,
         0.350374;-0.514177; 1.827435;,
         0.915335;-0.266367; 2.352150;,
         0.481951; 0.315601;-0.280881;,
        -0.290526; 0.334010;-0.093971;,
         0.418348; 0.383765; 1.117718;,
         0.509030; 1.051354; 2.145010;,
        -0.047503; 0.841069; 2.761396;,
         0.535405; 0.841708; 2.914176;,
        -0.416540; 0.207725;-3.678556;,
        -0.566588;-0.049217;-2.090396;,
        -0.723302; 0.258343;-2.589051;,
         0.727752;-0.104560;-0.102144;,
         0.422974; 0.327621;-1.658910;,
         0.481951; 0.315601;-0.280881;,
         0.354659; 0.521635;-4.237325;,
         0.444768; 0.288590;-3.875107;,
         0.547837;-0.494852;-4.242267;,
         0.481951; 0.315601;-0.280881;,
         0.418348; 0.383765; 1.117718;,
         0.727752;-0.104560;-0.102144;,
         0.350374;-0.514177; 1.827435;,
        -0.935237;-0.182803; 2.530824;,
        -0.747274;-0.344241; 2.093806;,
        -0.221431; 0.127200;-1.997681;,
        -0.345161; 0.516194;-4.230866;,
        -0.474327; 0.610545;-2.501417;,
        -0.010780;-0.836870; 2.804068;,
         0.083073;-0.114204; 2.682234;,
         0.373700; 0.025626; 2.972707;,
        -1.693088;-0.392510;-0.469639;,
        -1.820899;-0.208886;-0.431628;,
        -1.851548;-0.883074;-0.691179;,
        -0.969710; 0.326704; 1.900303;,
        -0.747274;-0.344241; 2.093806;,
        -1.164114; 0.078241; 2.045585;,
         0.165406; 0.310787;-4.219892;,
         0.547837;-0.494852;-4.242267;,
         0.285594; 0.188923;-3.761276;,
        -0.566588;-0.049217;-2.090396;,
        -0.452560; 0.256507;-1.714138;,
        -0.723302; 0.258343;-2.589051;,
        -0.496989;-0.193360; 3.602829;,
        -0.350475; 0.235171; 3.853376;,
        -0.223765; 0.389864; 3.333203;,
         0.083073;-0.114204; 2.682234;,
         0.915335;-0.266367; 2.352150;,
         1.361134; 0.384465; 2.661698;,
         1.815217;-0.193000;-0.419525;,
         1.608923;-0.296633;-0.901255;,
         1.318874; 0.578540; 0.848353;,
         1.682441;-0.358756;-0.442545;,
         1.815217;-0.193000;-0.419525;,
         1.506871; 0.446052; 1.294173;,
         2.064987;-0.483683;-0.702728;,
         1.682441;-0.358756;-0.442545;,
         1.863142;-0.700441;-0.718943;,
        -2.036697;-0.579596;-0.770865;,
        -1.820899;-0.208886;-0.431628;,
        -1.851075;-0.392682;-1.211416;,
         2.064987;-0.483683;-0.702728;,
         1.815217;-0.193000;-0.419525;,
         1.682441;-0.358756;-0.442545;,
         0.207179; 0.217927; 3.171475;,
         0.373700; 0.025626; 2.972707;,
         1.361134; 0.384465; 2.661698;,
         0.971180; 0.315011; 1.893255;,
         1.073819; 0.741010; 2.307425;,
         1.021961; 0.436813; 0.933134;,
         0.596415; 0.005812;-2.124104;,
         0.436659;-0.430667;-1.317290;,
         0.223200; 0.126557;-2.013231;,
        -0.350475; 0.235171; 3.853376;,
        -0.496989;-0.193360; 3.602829;,
        -0.315148;-0.417575; 4.036997;,
         1.073819; 0.741010; 2.307425;,
         0.509030; 1.051354; 2.145010;,
         0.535405; 0.841708; 2.914176;,
        -0.474327; 0.610545;-2.501417;,
        -0.416540; 0.207725;-3.678556;,
        -0.723302; 0.258343;-2.589051;,
         0.350374;-0.514177; 1.827435;,
         1.152272; 0.073881; 2.053242;,
         0.915335;-0.266367; 2.352150;,
         1.855052;-0.426747;-1.252212;,
         2.064987;-0.483683;-0.702728;,
         1.953853;-0.674000;-1.198700;,
         0.207179; 0.217927; 3.171475;,
         0.203258; 0.366286; 3.914127;,
         0.494041;-0.214039; 3.646971;,
         0.509030; 1.051354; 2.145010;,
         1.073819; 0.741010; 2.307425;,
         0.971180; 0.315011; 1.893255;;
        176;
        3;2,1,0;,
        3;5,4,3;,
        3;8,7,6;,
        3;11,10,9;,
        3;14,13,12;,
        3;17,16,15;,
        3;20,19,18;,
        3;23,22,21;,
        3;26,25,24;,
        3;29,28,27;,
        3;32,31,30;,
        3;35,34,33;,
        3;38,37,36;,
        3;41,40,39;,
        3;44,43,42;,
        3;47,46,45;,
        3;50,49,48;,
        3;53,52,51;,
        3;56,55,54;,
        3;59,58,57;,
        3;62,61,60;,
        3;65,64,63;,
        3;68,67,66;,
        3;71,70,69;,
        3;74,73,72;,
        3;77,76,75;,
        3;80,79,78;,
        3;83,82,81;,
        3;86,85,84;,
        3;89,88,87;,
        3;92,91,90;,
        3;95,94,93;,
        3;98,97,96;,
        3;101,100,99;,
        3;104,103,102;,
        3;107,106,105;,
        3;110,109,108;,
        3;113,112,111;,
        3;116,115,114;,
        3;119,118,117;,
        3;122,121,120;,
        3;125,124,123;,
        3;128,127,126;,
        3;131,130,129;,
        3;134,133,132;,
        3;137,136,135;,
        3;140,139,138;,
        3;143,142,141;,
        3;146,145,144;,
        3;149,148,147;,
        3;152,151,150;,
        3;155,154,153;,
        3;158,157,156;,
        3;161,160,159;,
        3;164,163,162;,
        3;167,166,165;,
        3;170,169,168;,
        3;173,172,171;,
        3;176,175,174;,
        3;179,178,177;,
        3;182,181,180;,
        3;185,184,183;,
        3;188,187,186;,
        3;191,190,189;,
        3;194,193,192;,
        3;197,196,195;,
        3;200,199,198;,
        3;203,202,201;,
        3;206,205,204;,
        3;209,208,207;,
        3;212,211,210;,
        3;215,214,213;,
        3;218,217,216;,
        3;221,220,219;,
        3;224,223,222;,
        3;227,226,225;,
        3;230,229,228;,
        3;233,232,231;,
        3;236,235,234;,
        3;239,238,237;,
        3;242,241,240;,
        3;245,244,243;,
        3;248,247,246;,
        3;251,250,249;,
        3;254,253,252;,
        3;257,256,255;,
        3;260,259,258;,
        3;263,262,261;,
        3;266,265,264;,
        3;269,268,267;,
        3;272,271,270;,
        3;275,274,273;,
        3;278,277,276;,
        3;281,280,279;,
        3;284,283,282;,
        3;287,286,285;,
        3;290,289,288;,
        3;293,292,291;,
        3;296,295,294;,
        3;299,298,297;,
        3;302,301,300;,
        3;305,304,303;,
        3;308,307,306;,
        3;311,310,309;,
        3;314,313,312;,
        3;317,316,315;,
        3;320,319,318;,
