xof 0303txt 0032

template XSkinMeshHeader {
  <3cf169ce-ff7c-44ab-93c0-f78f62d172e2>
  WORD nMaxSkinWeightsPerVertex;
  WORD nMaxSkinWeightsPerFace;
  WORD nBones;
}

template SkinWeights {
  <6f0d123b-bad2-4167-a0d0-80224f25fabb>
  STRING transformNodeName;
  DWORD nWeights;
  array DWORD vertexIndices[nWeights];
  array float weights[nWeights];
  Matrix4x4 matrixOffset;
}

Frame Root {
  FrameTransformMatrix {
     1.000000, 0.000000, 0.000000, 0.000000,
     0.000000,-0.000000, 1.000000, 0.000000,
     0.000000, 1.000000, 0.000000, 0.000000,
     0.000000, 0.000000, 0.000000, 1.000000;;
  }
  Frame Armature {
    FrameTransformMatrix {
       3.957522, 0.000000, 0.000000, 0.000000,
       0.000000, 3.957522, 0.000000, 0.000000,
       0.000000, 0.000000, 3.957522, 0.000000,
       0.000000, 0.187640,-0.011727, 1.000000;;
    }
    Frame Armature_hips {
      FrameTransformMatrix {
         1.000000, 0.000000, 0.000000, 0.000000,
        -0.000000,-0.123668, 0.992324, 0.000000,
         0.000000,-0.992324,-0.123668, 0.000000,
         0.000000,-0.028759, 1.032125, 1.000000;;
      }
      Frame Armature_spine {
        FrameTransformMatrix {
           1.000000,-0.000000,-0.000000, 0.000000,
           0.000000, 0.989270,-0.146098, 0.000000,
           0.000000, 0.146098, 0.989270, 0.000000,
           0.000000, 0.227403, 0.000000, 1.000000;;
        }
        Frame Armature_ribs {
          FrameTransformMatrix {
             1.000000,-0.000000, 0.000000, 0.000000,
             0.000000, 0.985359,-0.170492, 0.000000,
            -0.000000, 0.170492, 0.985359, 0.000000,
            -0.000000, 0.239651, 0.000000, 1.000000;;
          }
          Frame Armature_neck {
            FrameTransformMatrix {
               1.000000, 0.000000, 0.000000, 0.000000,
              -0.000000, 0.622864, 0.782330, 0.000000,
              -0.000000,-0.782330, 0.622864, 0.000000,
              -0.000000, 0.268842, 0.003851, 1.000000;;
            }
            Frame Armature_head {
              FrameTransformMatrix {
                 1.000000,-0.000000,-0.000000, 0.000000,
                -0.000000, 0.837889,-0.545840, 0.000000,
                 0.000000, 0.545840, 0.837889, 0.000000,
                -0.000000, 0.112941, 0.000000, 1.000000;;
              }
            } // End of Armature_head
          } // End of Armature_neck
          Frame Armature_shoulder_L {
            FrameTransformMatrix {
               0.380705,-0.117683, 0.917178, 0.000000,
               0.920125,-0.050299,-0.388382, 0.000000,
               0.091839, 0.991776, 0.089134, 0.000000,
               0.038055, 0.252674, 0.066901, 1.000000;;
            }
            Frame Armature_upper_arm_L {
              FrameTransformMatrix {
                -0.248178,-0.944923,-0.213374, 0.000000,
                 0.020850, 0.215004,-0.976390, 0.000000,
                 0.968490,-0.246767,-0.033657, 0.000000,
                -0.027153, 0.284986,-0.035636, 1.000000;;
              }
              Frame Armature_forearm_L {
                FrameTransformMatrix {
                   0.890635, 0.219027,-0.398493, 0.000000,
                  -0.076538, 0.936055, 0.343428, 0.000000,
                   0.448231,-0.275370, 0.850447, 0.000000,
                  -0.000000, 0.362971,-0.000000, 1.000000;;
                }
                Frame Armature_hand_L {
                  FrameTransformMatrix {
                     0.085159, 0.023958,-0.996079, 0.000000,
                    -0.143895, 0.989526, 0.011499, 0.000000,
                     0.985922, 0.142352, 0.087714, 0.000000,
                    -0.000000, 0.426516,-0.000000, 1.000000;;
                  }
                  Frame Armature_palm_01_L {
                    FrameTransformMatrix {
                       0.999960, 0.008851,-0.001618, 0.000000,
                      -0.008997, 0.985026,-0.172174, 0.000000,
                       0.000070, 0.172181, 0.985065, 0.000000,
                      -0.025907, 0.081147,-0.023864, 1.000000;;
                    }
                    Frame Armature_finger_index_01_L {
                      FrameTransformMatrix {
                         0.927259, 0.299576, 0.224601, 0.000000,
                        -0.371389, 0.812082, 0.450103, 0.000000,
                        -0.047555,-0.500776, 0.864269, 0.000000,
                        -0.000000, 0.062602, 0.000000, 1.000000;;
                      }
                    } // End of Armature_finger_index_01_L
                    Frame Armature_thumb_01_L {
                      FrameTransformMatrix {
                         0.283032,-0.101146,-0.953762, 0.000000,
                        -0.538190, 0.806360,-0.245224, 0.000000,
                         0.793879, 0.582712, 0.173790, 0.000000,
                         0.003795,-0.055682,-0.013590, 1.000000;;
                      }
                      Frame Armature_thumb_02_L {
                        FrameTransformMatrix {
                           0.775787, 0.567915, 0.275005, 0.000000,
                          -0.586308, 0.809877,-0.018512, 0.000000,
                          -0.233233,-0.146877, 0.961264, 0.000000,
                           0.000000, 0.065200,-0.000000, 1.000000;;
                        }
                      } // End of Armature_thumb_02_L
                    } // End of Armature_thumb_01_L
                  } // End of Armature_palm_01_L
                  Frame Armature_palm_02_L {
                    FrameTransformMatrix {
                       0.993676, 0.111462, 0.013568, 0.000000,
                      -0.110899, 0.993145,-0.036937, 0.000000,
                      -0.017592, 0.035199, 0.999226, 0.000000,
                       0.001608, 0.083998, 0.008765, 1.000000;;
                    }
                    Frame Armature_finger_middle_01_L {
                      FrameTransformMatrix {
                         0.949800, 0.233631, 0.208080, 0.000000,
                        -0.269490, 0.948795, 0.164814, 0.000000,
                        -0.158920,-0.212616, 0.964126, 0.000000,
                         0.000000, 0.064376,-0.000000, 1.000000;;
                      }
                    } // End of Armature_finger_middle_01_L
                  } // End of Armature_palm_02_L
                  Frame Armature_palm_03_L {
                    FrameTransformMatrix {
                       0.999924, 0.004346,-0.011508, 0.000000,
                      -0.005262, 0.996716,-0.080804, 0.000000,
                       0.011119, 0.080859, 0.996664, 0.000000,
                       0.024540, 0.075437, 0.039040, 1.000000;;
                    }
                    Frame Armature_finger_ring_01_L {
                      FrameTransformMatrix {
                         0.821822, 0.305556, 0.480879, 0.000000,
                        -0.408456, 0.904400, 0.123386, 0.000000,
                        -0.397206,-0.297820, 0.868062, 0.000000,
                        -0.000000, 0.081485, 0.000000, 1.000000;;
                      }
                    } // End of Armature_finger_ring_01_L
                  } // End of Armature_palm_03_L
                } // End of Armature_hand_L
              } // End of Armature_forearm_L
            } // End of Armature_upper_arm_L
          } // End of Armature_shoulder_L
          Frame Armature_shoulder_R {
            FrameTransformMatrix {
               0.380705, 0.117683,-0.917178, 0.000000,
              -0.920125,-0.050299,-0.388382, 0.000000,
              -0.091839, 0.991777, 0.089134, 0.000000,
              -0.038055, 0.252674, 0.066901, 1.000000;;
            }
            Frame Armature_upper_arm_R {
              FrameTransformMatrix {
                -0.248178, 0.944923, 0.213374, 0.000000,
                -0.020850, 0.215004,-0.976390, 0.000000,
                -0.968490,-0.246767,-0.033657, 0.000000,
                 0.027153, 0.284986,-0.035636, 1.000000;;
              }
              Frame Armature_forearm_R {
                FrameTransformMatrix {
                   0.890635,-0.219026, 0.398493, 0.000000,
                   0.076538, 0.936055, 0.343428, 0.000000,
                  -0.448231,-0.275370, 0.850447, 0.000000,
                  -0.000000, 0.362971,-0.000000, 1.000000;;
                }
                Frame Armature_hand_R {
                  FrameTransformMatrix {
                     0.085159,-0.023958, 0.996079, 0.000000,
                     0.143895, 0.989526, 0.011499, 0.000000,
                    -0.985922, 0.142352, 0.087714, 0.000000,
                     0.000000, 0.426516, 0.000000, 1.000000;;
                  }
                  Frame Armature_palm_01_R {
                    FrameTransformMatrix {
                       0.999960,-0.008851, 0.001619, 0.000000,
                       0.008997, 0.985026,-0.172174, 0.000000,
                      -0.000071, 0.172181, 0.985065, 0.000000,
                       0.025907, 0.081147,-0.023864, 1.000000;;
                    }
                    Frame Armature_finger_index_01_R {
                      FrameTransformMatrix {
                         0.927259,-0.299576,-0.224601, 0.000000,
                         0.371389, 0.812082, 0.450103, 0.000000,
                         0.047555,-0.500776, 0.864269, 0.000000,
                         0.000000, 0.062602, 0.000000, 1.000000;;
                      }
                    } // End of Armature_finger_index_01_R
                    Frame Armature_thumb_01_R {
                      FrameTransformMatrix {
                         0.283032, 0.101146, 0.953762, 0.000000,
                         0.538190, 0.806360,-0.245224, 0.000000,
                        -0.793879, 0.582712, 0.173790, 0.000000,
                        -0.003795,-0.055682,-0.013590, 1.000000;;
                      }
                      Frame Armature_thumb_02_R {
                        FrameTransformMatrix {
                           0.775787,-0.567915,-0.275005, 0.000000,
                           0.586308, 0.809877,-0.018512, 0.000000,
                           0.233233,-0.146877, 0.961264, 0.000000,
                           0.000000, 0.065200,-0.000000, 1.000000;;
                        }
                      } // End of Armature_thumb_02_R
                    } // End of Armature_thumb_01_R
                  } // End of Armature_palm_01_R
                  Frame Armature_palm_02_R {
                    FrameTransformMatrix {
                       0.993676,-0.111462,-0.013568, 0.000000,
                       0.110899, 0.993145,-0.036937, 0.000000,
                       0.017592, 0.035199, 0.999226, 0.000000,
                      -0.001608, 0.083998, 0.008765, 1.000000;;
                    }
                    Frame Armature_finger_middle_01_R {
                      FrameTransformMatrix {
                         0.949800,-0.233631,-0.208080, 0.000000,
                         0.269490, 0.948795, 0.164814, 0.000000,
                         0.158920,-0.212616, 0.964126, 0.000000,
                         0.000000, 0.064376,-0.000000, 1.000000;;
                      }
                    } // End of Armature_finger_middle_01_R
                  } // End of Armature_palm_02_R
                  Frame Armature_palm_03_R {
                    FrameTransformMatrix {
                       0.999924,-0.004346, 0.011508, 0.000000,
                       0.005262, 0.996716,-0.080804, 0.000000,
                      -0.011119, 0.080859, 0.996664, 0.000000,
                      -0.024540, 0.075437, 0.039040, 1.000000;;
                    }
                    Frame Armature_finger_ring_01_R {
                      FrameTransformMatrix {
                         0.821822,-0.305556,-0.480879, 0.000000,
                         0.408456, 0.904400, 0.123386, 0.000000,
                         0.397206,-0.297820, 0.868062, 0.000000,
                        -0.000000, 0.081485, 0.000000, 1.000000;;
                      }
                    } // End of Armature_finger_ring_01_R
                  } // End of Armature_palm_03_R
                } // End of Armature_hand_R
              } // End of Armature_forearm_R
            } // End of Armature_upper_arm_R
          } // End of Armature_shoulder_R
        } // End of Armature_ribs
      } // End of Armature_spine
      Frame Armature_thigh_L {
        FrameTransformMatrix {
           0.998460, 0.054174,-0.012450, 0.000000,
           0.054829,-0.996668, 0.060381, 0.000000,
          -0.009125,-0.060970,-0.998105, 0.000000,
           0.093061, 0.010869, 0.024357, 1.000000;;
        }
        Frame Armature_shin_L {
          FrameTransformMatrix {
             0.994227, 0.107013,-0.007828, 0.000000,
            -0.106798, 0.993990, 0.024038, 0.000000,
             0.010353,-0.023063, 0.999680, 0.000000,
            -0.000000, 0.405346,-0.000000, 1.000000;;
          }
        } // End of Armature_shin_L
      } // End of Armature_thigh_L
      Frame Armature_thigh_R {
        FrameTransformMatrix {
           0.998459,-0.054174, 0.012450, 0.000000,
          -0.054829,-0.996668, 0.060381, 0.000000,
           0.009125,-0.060970,-0.998105, 0.000000,
          -0.093061, 0.010869, 0.024357, 1.000000;;
        }
        Frame Armature_shin_R {
          FrameTransformMatrix {
             0.994227,-0.107013, 0.007828, 0.000000,
             0.106798, 0.993990, 0.024038, 0.000000,
            -0.010353,-0.023063, 0.999680, 0.000000,
            -0.000000, 0.405346,-0.000000, 1.000000;;
          }
        } // End of Armature_shin_R
      } // End of Armature_thigh_R
    } // End of Armature_hips
    Frame Armature_lk_foot_R {
      FrameTransformMatrix {
         1.000000, 0.000000, 0.000000, 0.000000,
         0.000000, 0.000000,-1.000000, 0.000000,
        -0.000000, 1.000000, 0.000000, 0.000000,
        -0.088122, 0.016200, 0.119772, 1.000000;;
      }
      Frame Armature_foot_R {
        FrameTransformMatrix {
           0.997379, 0.044717,-0.056879, 0.000000,
          -0.071943, 0.696504,-0.713937, 0.000000,
           0.007691, 0.716158, 0.697896, 0.000000,
          -0.000000,-0.000000, 0.000000, 1.000000;;
        }
        Frame Armature_toe_R {
          FrameTransformMatrix {
            -0.997379, 0.071943,-0.007691, 0.000000,
             0.060832, 0.776281,-0.627444, 0.000000,
            -0.039170,-0.626268,-0.778623, 0.000000,
             0.000000, 0.137299,-0.000000, 1.000000;;
          }
        } // End of Armature_toe_R
      } // End of Armature_foot_R
      Frame Armature_heel_R {
        FrameTransformMatrix {
          -0.997495,-0.057508,-0.041181, 0.000000,
          -0.070506, 0.854928, 0.513934, 0.000000,
           0.005651, 0.515550,-0.856841, 0.000000,
          -0.000000,-0.000000, 0.000000, 1.000000;;
        }
      } // End of Armature_heel_R
    } // End of Armature_lk_foot_R
    Frame Armature_lk_foot_L {
      FrameTransformMatrix {
         1.000000,-0.000000, 0.000000, 0.000000,
         0.000000, 0.000000,-1.000000, 0.000000,
         0.000000, 1.000000, 0.000000, 0.000000,
         0.088122, 0.016200, 0.119772, 1.000000;;
      }
      Frame Armature_foot_L {
        FrameTransformMatrix {
           0.997379,-0.044717, 0.056879, 0.000000,
           0.071943, 0.696504,-0.713937, 0.000000,
          -0.007691, 0.716158, 0.697896, 0.000000,
           0.000000,-0.000000, 0.000000, 1.000000;;
        }
        Frame Armature_toe_L {
          FrameTransformMatrix {
            -0.997379,-0.071943, 0.007691, 0.000000,
            -0.060832, 0.776281,-0.627444, 0.000000,
             0.039170,-0.626268,-0.778623, 0.000000,
            -0.000000, 0.137299,-0.000000, 1.000000;;
          }
        } // End of Armature_toe_L
      } // End of Armature_foot_L
      Frame Armature_heel_L {
        FrameTransformMatrix {
          -0.997495, 0.057508, 0.041181, 0.000000,
           0.070506, 0.854928, 0.513934, 0.000000,
          -0.005651, 0.515550,-0.856841, 0.000000,
           0.000000,-0.000000, 0.000000, 1.000000;;
        }
      } // End of Armature_heel_L
    } // End of Armature_lk_foot_L
    Frame new_thin_zombie {
      FrameTransformMatrix {
         0.252683, 0.000000, 0.000000, 0.000000,
         0.000000, 0.252683, 0.000000, 0.000000,
         0.000000, 0.000000, 0.252683, 0.000000,
         0.000000,-0.047413, 1.075641, 1.000000;;
      }
      Mesh { // new_thin_zombie mesh
        10020;
        -0.129875; 0.181938;-0.236236;,
        -0.272006; 0.266002;-0.275104;,
        -0.089629; 0.249435;-0.123540;,
         0.544915;-0.060476; 1.058054;,
         0.558675;-0.004199; 0.899757;,
         0.553882; 0.111658; 0.889602;,
        -0.319473; 0.178869;-3.260046;,
        -0.326129; 0.192764;-3.504789;,
        -0.241308; 0.283275;-3.506184;,
        -0.319473; 0.178869;-3.260046;,
        -0.241308; 0.283275;-3.506184;,
        -0.229766; 0.234237;-3.070096;,
        -0.241308; 0.283275;-3.506184;,
        -0.246512; 0.240067;-3.782677;,
        -0.234056; 0.298846;-3.806360;,
        -0.433365;-0.236696; 3.422931;,
        -0.420159;-0.084229; 3.396399;,
        -0.295957;-0.227684; 3.275616;,
         0.253918;-0.569208; 3.642488;,
         0.269438;-0.619655; 3.671169;,
         0.131033;-0.712026; 3.634000;,
         0.376068;-0.288824; 3.928277;,
         0.265428;-0.290320; 4.043827;,
         0.282568;-0.409940; 3.986817;,
        -0.310338; 0.442048;-3.478476;,
        -0.286857; 0.423529;-3.786499;,
        -0.326741; 0.447694;-3.786402;,
        -0.310338; 0.442048;-3.478476;,
        -0.326741; 0.447694;-3.786402;,
        -0.358302; 0.464308;-3.488632;,
        -0.012440;-0.802602; 2.887008;,
        -0.062614;-0.737940; 2.837389;,
        -0.000000;-0.765900; 2.809360;,
         0.481261; 0.105978; 2.912696;,
         0.315289;-0.029350; 2.701268;,
         0.537757; 0.031068; 2.680064;,
        -1.858238;-0.689939;-1.387012;,
        -1.863507;-0.616223;-1.366905;,
        -1.822835;-0.532759;-1.304074;,
        -0.462681; 0.345366;-3.503043;,
        -0.435902; 0.333556;-3.791148;,
        -0.473644; 0.271989;-3.517729;,
        -0.610085; 0.205308;-2.921808;,
        -0.677899; 0.169055;-2.549316;,
        -0.705164; 0.263925;-2.575983;,
        -0.610085; 0.205308;-2.921808;,
        -0.705164; 0.263925;-2.575983;,
        -0.637136; 0.267402;-2.923397;,
        -0.451049; 0.411676;-2.101507;,
        -0.366838; 0.272801;-1.894327;,
        -0.378796; 0.416726;-2.169441;,
        -0.092845; 0.064852;-0.339483;,
         0.000000;-0.038623;-0.303490;,
        -0.016459; 0.007700;-0.390255;,
        -0.134594;-0.149487;-0.393367;,
        -0.016459; 0.007700;-0.390255;,
         0.000000;-0.038623;-0.303490;,
        -0.134594;-0.149487;-0.393367;,
         0.000000;-0.038623;-0.303490;,
        -0.186842;-0.207396;-0.242614;,
        -0.571431; 0.107336; 0.783524;,
        -0.623863; 0.106146; 0.470641;,
        -0.640800; 0.000741; 0.470636;,
        -0.571431; 0.107336; 0.783524;,
        -0.640800; 0.000741; 0.470636;,
        -0.558750; 0.000244; 0.904410;,
        -1.600991; 0.043000; 0.703823;,
        -1.482620; 0.223199; 1.114524;,
        -1.660308; 0.153528; 0.726002;,
        -0.012440;-0.802602; 2.887008;,
        -0.119119;-0.723376; 2.930798;,
        -0.152614;-0.663109; 2.911597;,
        -0.491330;-0.297663; 0.451351;,
        -0.513644;-0.301748; 0.172061;,
        -0.408432;-0.365391; 0.151853;,
        -0.491330;-0.297663; 0.451351;,
        -0.408432;-0.365391; 0.151853;,
        -0.356310;-0.407187; 0.337305;,
         0.001008; 0.856596; 2.058485;,
        -0.133436; 0.893976; 2.084392;,
        -0.138692; 0.953987; 2.319035;,
        -0.356310;-0.407187; 0.337305;,
        -0.408432;-0.365391; 0.151853;,
        -0.317647;-0.403053; 0.112359;,
        -0.445618;-0.004032;-2.322152;,
        -0.384057;-0.032881;-2.156185;,
        -0.433137;-0.192825;-1.749161;,
         0.969805; 0.771116; 2.324672;,
         1.043665; 0.766439; 2.454727;,
         1.030479; 0.761587; 2.262192;,
         0.488740;-0.431359;-0.854880;,
         0.489338;-0.396587;-1.245780;,
         0.587531;-0.354080;-1.173210;,
         1.823938;-0.540390;-1.229921;,
         1.825071;-0.490948;-1.127092;,
         1.779741;-0.442651;-1.195414;,
        -0.269735; 0.179427;-2.013254;,
        -0.262731; 0.124937;-1.832321;,
        -0.247636; 0.060710;-1.941707;,
        -0.269735; 0.179427;-2.013254;,
        -0.247636; 0.060710;-1.941707;,
        -0.242555; 0.154560;-2.179470;,
        -0.269092; 0.091410;-2.204820;,
        -0.242555; 0.154560;-2.179470;,
        -0.247636; 0.060710;-1.941707;,
        -0.269092; 0.091410;-2.204820;,
        -0.247636; 0.060710;-1.941707;,
        -0.272578;-0.013089;-1.929983;,
        -0.550027; 0.443183;-2.255193;,
        -0.451049; 0.411676;-2.101507;,
        -0.459746; 0.562536;-2.423730;,
        -0.550027; 0.443183;-2.255193;,
        -0.459746; 0.562536;-2.423730;,
        -0.547477; 0.530906;-2.456404;,
        -0.604423; 0.076697;-2.103745;,
        -0.594768;-0.025600;-1.731895;,
        -0.615701; 0.048892;-1.693177;,
        -0.604423; 0.076697;-2.103745;,
        -0.615701; 0.048892;-1.693177;,
        -0.614777; 0.104379;-1.934478;,
        -0.400470; 0.180662;-3.516664;,
        -0.393030; 0.159617;-3.241990;,
        -0.449513; 0.174586;-3.269614;,
        -0.184991;-0.091089;-1.499176;,
        -0.110436; 0.025706;-1.103406;,
        -0.128172;-0.130586;-0.906276;,
        -0.510190; 0.315437;-0.658603;,
        -0.397833; 0.344624;-0.689020;,
        -0.428467; 0.379182;-1.044125;,
        -0.510190; 0.315437;-0.658603;,
        -0.428467; 0.379182;-1.044125;,
        -0.533231; 0.336638;-1.060888;,
         0.632876; 0.097362; 1.398916;,
         0.569346;-0.036281; 1.199058;,
         0.550677; 0.142090; 1.142285;,
         0.000002; 0.754692; 1.836321;,
        -0.180039; 0.839722; 1.902617;,
        -0.133436; 0.893976; 2.084392;,
        -0.590180;-0.376078;-0.804400;,
        -0.587852;-0.353361;-1.174166;,
        -0.491684;-0.403443;-1.202696;,
        -0.590180;-0.376078;-0.804400;,
        -0.491684;-0.403443;-1.202696;,
        -0.488740;-0.431359;-0.854880;,
        -0.127454;-0.519030; 1.522283;,
        -0.102385;-0.470093; 1.001393;,
         0.051430;-0.480113; 0.996839;,
        -0.127454;-0.519030; 1.522283;,
         0.051430;-0.480113; 0.996839;,
         0.000089;-0.531975; 1.520599;,
         0.129426;-0.518709; 1.522476;,
         0.000089;-0.531975; 1.520599;,
         0.051430;-0.480113; 0.996839;,
        -0.301683;-0.392315; 1.047983;,
        -0.439098;-0.279179; 1.012647;,
        -0.334627;-0.395587; 0.677287;,
         0.116004;-0.480105; 0.238574;,
        -0.070438;-0.480974; 0.210889;,
         0.097722;-0.409916;-0.002631;,
         0.380530;-0.391939; 3.883016;,
         0.447501;-0.289113; 3.769838;,
         0.376068;-0.288824; 3.928277;,
        -0.748531;-0.289284; 2.161772;,
        -0.830945;-0.252248; 2.163133;,
        -0.502027;-0.381226; 1.795981;,
        -0.748531;-0.289284; 2.161772;,
        -0.502027;-0.381226; 1.795981;,
        -0.409148;-0.434798; 1.933507;,
        -0.597249;-0.283031; 1.711104;,
        -0.405828;-0.350218; 1.250232;,
        -0.502027;-0.381226; 1.795981;,
        -0.279532; 0.190717;-3.772895;,
        -0.318853; 0.144303;-3.774676;,
        -0.287904; 0.063684;-3.869733;,
        -0.402867; 0.431867;-4.248326;,
        -0.507144; 0.199597;-4.243255;,
        -0.507352; 0.289977;-4.172911;,
        -0.409148;-0.434798; 1.933507;,
        -0.502027;-0.381226; 1.795981;,
        -0.382628;-0.450069; 1.718791;,
         0.820886; 0.062437; 1.801793;,
         0.709547;-0.123009; 1.740915;,
         0.591751;-0.159958; 1.433940;,
        -0.341804; 0.528439;-4.193913;,
        -0.325477; 0.536509;-4.079542;,
        -0.280652; 0.516268;-4.085373;,
        -0.517272; 0.207733;-4.043825;,
        -0.526258; 0.064044;-4.062052;,
        -0.479389; 0.084707;-3.968992;,
        -0.517272; 0.207733;-4.043825;,
        -0.479389; 0.084707;-3.968992;,
        -0.461898; 0.240692;-3.861756;,
        -1.188442; 0.529840; 2.686340;,
        -1.169410; 0.473902; 2.745899;,
        -1.038568; 0.438979; 2.853160;,
        -0.435198; 0.217843;-3.786182;,
        -0.479389; 0.084707;-3.968992;,
        -0.401153; 0.117412;-3.810323;,
        -1.972576;-0.485985;-1.032456;,
        -1.961167;-0.423996;-0.988639;,
        -1.867684;-0.351393;-1.058476;,
        -0.503130;-0.118987;-4.056893;,
        -0.555378;-0.088217;-4.114200;,
        -0.622139;-0.257472;-4.170166;,
         2.066368;-0.667307;-1.009592;,
         2.047343;-0.605598;-0.884747;,
         2.051828;-0.718585;-1.041810;,
        -1.111164; 0.020990; 2.579046;,
        -1.067158;-0.075796; 2.467967;,
        -0.940931;-0.183582; 2.352285;,
        -1.387823; 0.409016; 2.409170;,
        -1.369632; 0.299694; 2.418341;,
        -1.322035; 0.325632; 2.565769;,
         0.702563; 0.680144; 1.924402;,
         0.870576; 0.412442; 1.896573;,
         0.743355; 0.386270; 1.696911;,
        -0.382423;-0.412583;-4.119380;,
        -0.392477;-0.357131;-4.057058;,
        -0.414280;-0.442323;-4.111802;,
         0.324743;-0.568090; 3.756016;,
         0.415604;-0.444219; 3.743647;,
         0.309855;-0.512674; 3.875947;,
        -0.451195; 0.197950;-4.273068;,
        -0.572766;-0.118822;-4.236614;,
        -0.507144; 0.199597;-4.243255;,
         1.835568;-0.484534;-1.132895;,
         1.919320;-0.526724;-1.199302;,
         1.921905;-0.640599;-1.258405;,
        -0.996022; 0.219702; 2.769531;,
        -0.975637; 0.106354; 2.690757;,
        -0.693128; 0.116211; 2.760553;,
         1.797730;-0.669650;-0.563555;,
         1.746817;-0.474196;-0.498372;,
         1.791474;-0.656707;-0.603041;,
        -0.571128;-0.294441;-4.277739;,
        -0.591326;-0.363871;-4.247599;,
        -0.629616;-0.306546;-4.228314;,
        -0.571128;-0.294441;-4.277739;,
        -0.629616;-0.306546;-4.228314;,
        -0.623665;-0.249373;-4.240265;,
        -0.250533; 0.030579;-4.164948;,
        -0.327615;-0.306496;-4.186007;,
        -0.318821;-0.183888;-4.237854;,
        -1.469784; 0.328209; 1.266224;,
        -1.479539; 0.327973; 1.154920;,
        -1.482620; 0.223199; 1.114524;,
         1.469122; 0.347093; 1.478202;,
         1.431883; 0.369121; 1.593656;,
         1.450204; 0.230921; 1.507549;,
        -2.011399;-0.651512;-0.730605;,
        -2.027359;-0.577616;-0.738829;,
        -1.986899;-0.647465;-0.752181;,
        -0.369939; 0.518644;-4.084076;,
        -0.373971; 0.470937;-3.900520;,
        -0.321507; 0.505470;-3.940124;,
        -0.369939; 0.518644;-4.084076;,
        -0.321507; 0.505470;-3.940124;,
        -0.325477; 0.536509;-4.079542;,
        -0.016650; 0.846649; 2.682531;,
        -0.376153; 0.948008; 2.689622;,
        -0.136976; 0.795365; 2.795623;,
         0.474249; 0.280636;-3.514674;,
         0.420028; 0.365604;-3.777804;,
         0.461702; 0.348357;-3.501771;,
        -0.693128; 0.116211; 2.760553;,
        -0.562278; 0.032145; 2.674031;,
        -0.355516;-0.002921; 2.713740;,
        -0.693128; 0.116211; 2.760553;,
        -0.355516;-0.002921; 2.713740;,
        -0.432672; 0.057174; 2.836218;,
        -0.380808; 0.003602; 2.889124;,
        -0.432672; 0.057174; 2.836218;,
        -0.355516;-0.002921; 2.713740;,
        -0.380808; 0.003602; 2.889124;,
        -0.355516;-0.002921; 2.713740;,
        -0.324356;-0.041786; 2.775177;,
        -0.242160;-0.102488; 2.751107;,
        -0.324356;-0.041786; 2.775177;,
        -0.355516;-0.002921; 2.713740;,
        -0.242160;-0.102488; 2.751107;,
        -0.355516;-0.002921; 2.713740;,
        -0.222627;-0.077559; 2.681521;,
         0.583384; 0.733053; 2.950463;,
         0.568135; 0.533440; 3.036931;,
         0.792020; 0.535192; 2.950479;,
        -0.233080;-0.703143; 3.334769;,
        -0.248422;-0.633906; 3.429487;,
        -0.326084;-0.616108; 3.350813;,
        -0.420159;-0.084229; 3.396399;,
        -0.423791; 0.059406; 3.490318;,
        -0.382914; 0.051935; 3.379202;,
         0.113979;-0.356836;-0.088289;,
         0.217404;-0.419248; 0.058825;,
         0.097722;-0.409916;-0.002631;,
        -1.461528;-0.122645;-0.173568;,
        -1.588227;-0.325262;-0.664091;,
        -1.562932;-0.214308;-0.605453;,
        -1.461528;-0.122645;-0.173568;,
        -1.562932;-0.214308;-0.605453;,
        -1.456701;-0.069539;-0.235368;,
         1.318318; 0.443421; 2.563306;,
         1.384635; 0.416464; 2.410051;,
         1.304768; 0.519181; 2.503480;,
        -1.606579;-0.251284;-0.891354;,
        -1.562932;-0.214308;-0.605453;,
        -1.594754;-0.277876;-0.873823;,
        -1.559320; 0.027092;-0.325498;,
        -1.615093;-0.126036;-0.641400;,
        -1.636668;-0.068793;-0.553012;,
         0.889946;-0.220153; 2.272432;,
         1.036645;-0.123084; 2.261394;,
         1.011386;-0.140144; 2.384085;,
        -0.860610; 0.440053; 1.904981;,
        -0.926226; 0.252705; 1.877516;,
        -0.981196; 0.279311; 1.903914;,
         0.726025;-0.200423; 2.487615;,
         0.637580;-0.315464; 2.281095;,
         0.949602;-0.147385; 2.448717;,
        -1.442122; 0.494395; 0.752465;,
        -1.376456; 0.547398; 0.908625;,
        -1.317377; 0.568361; 0.821269;,
        -0.218839;-0.497572; 3.631674;,
        -0.085299;-0.724857; 3.623415;,
        -0.253918;-0.569209; 3.642488;,
        -1.741339;-0.048317;-0.170484;,
        -1.813865;-0.195575;-0.505951;,
        -1.835659;-0.270081;-0.460009;,
        -1.741339;-0.048317;-0.170484;,
        -1.835659;-0.270081;-0.460009;,
        -1.758308;-0.121577;-0.142630;,
         1.322035; 0.325633; 2.565769;,
         1.313050; 0.198476; 2.441519;,
         1.368560; 0.308460; 2.429259;,
        -1.817155;-0.311311;-0.446120;,
        -1.835659;-0.270081;-0.460009;,
        -1.877968;-0.367352;-0.483176;,
        -1.428792; 0.438577; 1.260986;,
        -1.443268; 0.423770; 1.139087;,
        -1.479539; 0.327973; 1.154920;,
        -1.428792; 0.438577; 1.260986;,
        -1.479539; 0.327973; 1.154920;,
        -1.469784; 0.328209; 1.266224;,
        -1.114476; 0.719710; 2.249528;,
        -1.178631; 0.619663; 2.127858;,
        -1.320957; 0.493786; 2.025692;,
         0.683653; 0.366005;-2.536671;,
         0.623661; 0.369829;-2.892370;,
         0.522545; 0.523146;-2.845696;,
        -1.690179;-0.268252;-0.217500;,
        -1.750763;-0.384085;-0.446202;,
        -1.713598;-0.411262;-0.467946;,
        -1.690179;-0.268252;-0.217500;,
        -1.713598;-0.411262;-0.467946;,
        -1.666996;-0.289868;-0.224449;,
         0.544915;-0.060476; 1.058054;,
         0.553882; 0.111658; 0.889602;,
         0.550677; 0.142090; 1.142285;,
        -1.671097;-0.424482;-0.573334;,
        -1.713598;-0.411262;-0.467946;,
        -1.750400;-0.493350;-0.554041;,
        -0.376576;-0.390668;-4.254901;,
        -0.378302;-0.422310;-4.206450;,
        -0.420034;-0.457865;-4.227133;,
        -1.750400;-0.493350;-0.554041;,
        -1.713598;-0.411262;-0.467946;,
        -1.744002;-0.467257;-0.497741;,
        -1.353764; 0.047199; 1.195327;,
        -1.415557; 0.042465; 0.998948;,
        -1.331323; 0.011029; 1.047726;,
         1.408841; 0.431157; 0.515875;,
         1.554585; 0.113730;-0.163969;,
         1.468865; 0.172021;-0.011919;,
        -1.446766;-0.105710; 0.624641;,
        -1.415557; 0.042465; 0.998948;,
        -1.532098;-0.057292; 0.660507;,
        -1.260441; 0.039219; 0.913530;,
        -1.331323; 0.011029; 1.047726;,
        -1.376676;-0.018324; 0.888796;,
        -1.200256; 0.604882; 1.910003;,
        -1.173634; 0.584213; 2.052668;,
        -1.083975; 0.648547; 2.153710;,
        -1.200256; 0.604882; 1.910003;,
        -1.083975; 0.648547; 2.153710;,
        -1.088340; 0.632786; 1.966707;,
        -1.320957; 0.493786; 2.025692;,
        -1.356165; 0.450122; 1.823262;,
        -1.412850; 0.378126; 1.660511;,
        -1.320957; 0.493786; 2.025692;,
        -1.412850; 0.378126; 1.660511;,
        -1.384753; 0.392596; 1.894837;,
         0.173066;-0.407472; 2.898339;,
         0.094867;-0.420161; 2.854540;,
         0.112929;-0.303393; 2.822118;,
         0.502444; 0.309658;-4.098927;,
         0.537940; 0.181411;-4.164118;,
         0.519384; 0.245118;-4.184895;,
         0.525726; 1.004303; 2.602498;,
         0.385841; 1.003166; 2.581360;,
         0.381040; 0.948757; 2.689727;,
        -1.227411; 0.147352; 2.015195;,
        -1.156999; 0.058345; 2.094394;,
        -1.155081; 0.032581; 2.181348;,
        -1.141034; 0.071383; 1.956356;,
        -1.112010; 0.099768; 2.010115;,
        -1.156999; 0.058345; 2.094394;,
        -0.129875; 0.181938;-0.236236;,
         0.000000; 0.201638;-0.140143;,
         0.000000; 0.044622;-0.282571;,
         1.599149; 0.038993; 0.701020;,
         1.648869;-0.162510; 0.149330;,
         1.705444; 0.033188; 0.398709;,
         0.072041;-0.393014; 4.061162;,
        -0.100640;-0.407248; 4.055287;,
        -0.099404;-0.517832; 3.974631;,
         1.682032; 0.218833; 0.361952;,
         1.689465; 0.035716;-0.138139;,
         1.574279; 0.246103; 0.172991;,
        -1.105706; 0.244248; 0.837039;,
        -1.093055; 0.354591; 0.775643;,
        -1.043559; 0.359682; 0.988945;,
        -1.216987; 0.298640; 0.445931;,
        -1.084762; 0.442006; 0.862108;,
        -1.093055; 0.354591; 0.775643;,
        -0.725502;-0.201640; 2.486125;,
        -0.734764;-0.253353; 2.376692;,
        -0.526811;-0.346761; 2.262383;,
        -0.713125; 0.673404; 1.931185;,
        -0.693413; 0.797881; 2.047801;,
        -0.575799; 0.860501; 1.938283;,
         0.270887; 0.387401;-4.268692;,
         0.278605; 0.241436;-4.277269;,
         0.204456; 0.339674;-4.240519;,
        -1.308825; 0.515839; 2.498354;,
        -1.350341; 0.501415; 2.360314;,
        -1.387823; 0.409016; 2.409170;,
         0.248207;-0.458870; 3.630482;,
         0.253918;-0.569208; 3.642488;,
         0.103953;-0.622943; 3.617230;,
         0.366540;-0.160789;-1.796597;,
         0.320716;-0.078976;-1.904364;,
         0.384589;-0.035457;-2.148983;,
         1.846791;-0.773421;-0.626742;,
         1.826728;-0.625614;-0.527693;,
         1.797730;-0.669650;-0.563555;,
         2.064683;-0.553078;-0.879871;,
         2.064474;-0.546884;-0.914020;,
         2.031359;-0.504766;-0.897665;,
         0.254858;-0.393465; 3.120852;,
         0.266450;-0.439336; 2.996131;,
         0.311286;-0.293152; 3.026212;,
         0.809045; 0.762076; 2.139221;,
         0.953573; 0.744942; 2.231476;,
         0.957514; 0.597161; 2.071965;,
         1.223222; 0.470447; 2.699096;,
         1.318318; 0.443421; 2.563306;,
         1.304768; 0.519181; 2.503480;,
        -0.575045; 0.195541; 1.271485;,
        -0.547521; 0.125934; 1.084759;,
        -0.543881;-0.068781; 1.044763;,
        -0.575045; 0.195541; 1.271485;,
        -0.543881;-0.068781; 1.044763;,
        -0.565386;-0.034530; 1.177517;,
         0.969805; 0.771116; 2.324672;,
         0.949959; 0.789944; 2.443199;,
         1.043665; 0.766439; 2.454727;,
         0.004882; 0.377090; 1.044753;,
        -0.005047; 0.443427; 1.262573;,
         0.211376; 0.455832; 1.191168;,
        -0.001054;-0.744247; 3.602633;,
         0.131033;-0.712026; 3.634000;,
         0.076298;-0.718603; 3.677387;,
        -0.469134;-0.096058; 3.505801;,
        -0.441427; 0.032022; 3.676984;,
        -0.423791; 0.059406; 3.490318;,
        -0.284413; 0.528122; 1.343699;,
        -0.307587; 0.430336; 1.095708;,
        -0.389114; 0.407858; 1.085260;,
        -0.284413; 0.528122; 1.343699;,
        -0.389114; 0.407858; 1.085260;,
        -0.394645; 0.522600; 1.372655;,
        -1.018807; 0.395065; 1.818052;,
        -0.986212; 0.377501; 1.923403;,
        -0.981196; 0.279311; 1.903914;,
        -1.018807; 0.395065; 1.818052;,
        -0.981196; 0.279311; 1.903914;,
        -1.008934; 0.296411; 1.817644;,
        -0.436015;-0.329945; 3.415900;,
        -0.413482;-0.447069; 3.389335;,
        -0.407568;-0.401546; 3.450030;,
         1.879397;-0.612398;-0.766322;,
         1.820621;-0.584999;-0.706565;,
         1.644360;-0.425223;-0.724107;,
        -0.642341; 0.987508; 2.400395;,
        -0.531714; 1.053685; 2.379844;,
        -0.517972; 1.034082; 2.198498;,
        -0.642341; 0.987508; 2.400395;,
        -0.517972; 1.034082; 2.198498;,
        -0.635560; 0.945725; 2.201005;,
        -1.821921;-0.659557;-0.718892;,
        -1.750400;-0.493350;-0.554041;,
        -1.790091;-0.652603;-0.609380;,
        -0.507221;-0.139099;-4.272710;,
        -0.571128;-0.294441;-4.277739;,
        -0.623665;-0.249373;-4.240265;,
        -0.000638; 0.907632; 2.547369;,
        -0.136573; 0.937338; 2.543551;,
        -0.016650; 0.846649; 2.682531;,
        -0.385699; 1.004578; 2.576918;,
        -0.525667; 1.007017; 2.594682;,
        -0.376153; 0.948008; 2.689622;,
        -0.726972; 0.536341; 2.979440;,
        -0.725096; 0.362378; 3.001276;,
        -0.550057; 0.323925; 3.047748;,
        -0.726972; 0.536341; 2.979440;,
        -0.550057; 0.323925; 3.047748;,
        -0.568135; 0.533440; 3.036931;,
        -0.427038; 0.557590; 3.027089;,
        -0.568135; 0.533440; 3.036931;,
        -0.550057; 0.323925; 3.047748;,
        -0.427038; 0.557590; 3.027089;,
        -0.550057; 0.323925; 3.047748;,
        -0.399638; 0.385990; 3.062866;,
        -1.674693;-0.304135;-1.035241;,
        -1.606579;-0.251284;-0.891354;,
        -1.594754;-0.277876;-0.873823;,
        -1.674693;-0.304135;-1.035241;,
        -1.594754;-0.277876;-0.873823;,
        -1.686544;-0.359545;-1.061813;,
        -1.844660;-0.277245;-0.933034;,
        -1.783257;-0.219549;-0.874802;,
        -1.681294;-0.206038;-0.907331;,
        -1.844660;-0.277245;-0.933034;,
        -1.681294;-0.206038;-0.907331;,
        -1.730517;-0.235027;-0.987460;,
         0.410189;-0.365204; 0.378604;,
         0.329969;-0.421613; 0.352051;,
         0.317647;-0.403053; 0.112359;,
        -2.030788;-0.503679;-0.895834;,
        -1.951000;-0.350400;-0.765497;,
        -1.981537;-0.412923;-0.878824;,
        -2.021129;-0.549085;-0.812913;,
        -1.995984;-0.519190;-0.767641;,
        -2.015435;-0.481403;-0.761624;,
         0.709547;-0.123009; 1.740915;,
         0.628550;-0.276815; 1.830803;,
         0.540952;-0.272289; 1.486525;,
         0.424958;-0.124254; 3.863947;,
         0.447501;-0.289113; 3.769838;,
         0.476413;-0.110547; 3.659131;,
         1.138852; 0.659085; 1.388140;,
         1.198380; 0.586109; 1.040982;,
         1.156931; 0.554331; 0.947533;,
        -1.895199;-0.599616;-0.815655;,
        -1.818360;-0.580545;-0.702669;,
        -1.876665;-0.611717;-0.764591;,
         0.513688; 0.011451;-2.308732;,
         0.533347; 0.032049;-2.550674;,
         0.608898; 0.093198;-2.559815;,
        -0.180871; 0.274840;-2.440454;,
        -0.216724; 0.407243;-2.804655;,
        -0.222569; 0.401674;-2.435693;,
        -0.286100; 0.398711;-4.268802;,
        -0.380292; 0.182217;-4.279111;,
        -0.451195; 0.197950;-4.273068;,
        -0.192289;-0.548665; 2.913392;,
        -0.259361;-0.447076; 2.981918;,
        -0.310671;-0.293762; 3.023200;,
        -0.192289;-0.548665; 2.913392;,
        -0.310671;-0.293762; 3.023200;,
        -0.260209;-0.342900; 2.952747;,
         0.395338; 0.159244;-3.236987;,
         0.417579; 0.194703;-3.514095;,
         0.450807; 0.172699;-3.250567;,
        -0.248496; 0.168443; 3.119417;,
        -0.230692; 0.114177; 3.158675;,
        -0.176826; 0.158684; 3.171578;,
        -1.504460;-0.181362; 0.037694;,
        -1.597977;-0.274917;-0.247554;,
        -1.580199;-0.285396;-0.400297;,
         0.049601;-0.699710; 3.609001;,
        -0.001054;-0.744247; 3.602633;,
         0.072538;-0.769632; 3.495950;,
        -0.228564;-0.451689; 3.544072;,
        -0.071718;-0.676000; 3.614444;,
        -0.217644;-0.416121; 3.601910;,
         1.432027; 0.478960; 1.477828;,
         1.408865; 0.484216; 1.621486;,
         1.431883; 0.369121; 1.593656;,
         0.384814;-0.350775; 0.713630;,
         0.410189;-0.365204; 0.378604;,
