xof 0303txt 0032

template XSkinMeshHeader {
  <3cf169ce-ff7c-44ab-93c0-f78f62d172e2>
  WORD nMaxSkinWeightsPerVertex;
  WORD nMaxSkinWeightsPerFace;
  WORD nBones;
}

template SkinWeights {
  <6f0d123b-bad2-4167-a0d0-80224f25fabb>
  STRING transformNodeName;
  DWORD nWeights;
  array DWORD vertexIndices[nWeights];
  array float weights[nWeights];
  Matrix4x4 matrixOffset;
}

Frame Root {
  FrameTransformMatrix {
     1.000000, 0.000000, 0.000000, 0.000000,
     0.000000,-0.000000, 1.000000, 0.000000,
     0.000000, 1.000000, 0.000000, 0.000000,
     0.000000, 0.000000, 0.000000, 1.000000;;
  }
  Frame Armature {
    FrameTransformMatrix {
       3.957522, 0.000000, 0.000000, 0.000000,
       0.000000, 3.957522, 0.000000, 0.000000,
       0.000000, 0.000000, 3.957522, 0.000000,
       0.000000, 0.187640,-0.011727, 1.000000;;
    }
    Frame Armature_hips {
      FrameTransformMatrix {
         1.000000, 0.000000, 0.000000, 0.000000,
        -0.000000,-0.123668, 0.992324, 0.000000,
         0.000000,-0.992324,-0.123668, 0.000000,
         0.000000,-0.028759, 1.032125, 1.000000;;
      }
      Frame Armature_spine {
        FrameTransformMatrix {
           1.000000,-0.000000,-0.000000, 0.000000,
           0.000000, 0.989270,-0.146098, 0.000000,
           0.000000, 0.146098, 0.989270, 0.000000,
           0.000000, 0.227403, 0.000000, 1.000000;;
        }
        Frame Armature_ribs {
          FrameTransformMatrix {
             1.000000,-0.000000, 0.000000, 0.000000,
             0.000000, 0.985359,-0.170492, 0.000000,
            -0.000000, 0.170492, 0.985359, 0.000000,
            -0.000000, 0.239651, 0.000000, 1.000000;;
          }
          Frame Armature_neck {
            FrameTransformMatrix {
               1.000000, 0.000000, 0.000000, 0.000000,
              -0.000000, 0.622864, 0.782330, 0.000000,
              -0.000000,-0.782330, 0.622864, 0.000000,
              -0.000000, 0.268842, 0.003851, 1.000000;;
            }
            Frame Armature_head {
              FrameTransformMatrix {
                 1.000000,-0.000000,-0.000000, 0.000000,
                -0.000000, 0.837889,-0.545840, 0.000000,
                 0.000000, 0.545840, 0.837889, 0.000000,
                -0.000000, 0.112941, 0.000000, 1.000000;;
              }
            } // End of Armature_head
          } // End of Armature_neck
          Frame Armature_shoulder_L {
            FrameTransformMatrix {
               0.380705,-0.117683, 0.917178, 0.000000,
               0.920125,-0.050299,-0.388382, 0.000000,
               0.091839, 0.991776, 0.089134, 0.000000,
               0.038055, 0.252674, 0.066901, 1.000000;;
            }
            Frame Armature_upper_arm_L {
              FrameTransformMatrix {
                -0.248178,-0.944923,-0.213374, 0.000000,
                 0.020850, 0.215004,-0.976390, 0.000000,
                 0.968490,-0.246767,-0.033657, 0.000000,
                -0.027153, 0.284986,-0.035636, 1.000000;;
              }
              Frame Armature_forearm_L {
                FrameTransformMatrix {
                   0.890635, 0.219027,-0.398493, 0.000000,
                  -0.076538, 0.936055, 0.343428, 0.000000,
                   0.448231,-0.275370, 0.850447, 0.000000,
                  -0.000000, 0.362971,-0.000000, 1.000000;;
                }
                Frame Armature_hand_L {
                  FrameTransformMatrix {
                     0.085159, 0.023958,-0.996079, 0.000000,
                    -0.143895, 0.989526, 0.011499, 0.000000,
                     0.985922, 0.142352, 0.087714, 0.000000,
                    -0.000000, 0.426516,-0.000000, 1.000000;;
                  }
                  Frame Armature_palm_01_L {
                    FrameTransformMatrix {
                       0.999960, 0.008851,-0.001618, 0.000000,
                      -0.008997, 0.985026,-0.172174, 0.000000,
                       0.000070, 0.172181, 0.985065, 0.000000,
                      -0.025907, 0.081147,-0.023864, 1.000000;;
                    }
                    Frame Armature_finger_index_01_L {
                      FrameTransformMatrix {
                         0.927259, 0.299576, 0.224601, 0.000000,
                        -0.371389, 0.812082, 0.450103, 0.000000,
                        -0.047555,-0.500776, 0.864269, 0.000000,
                        -0.000000, 0.062602, 0.000000, 1.000000;;
                      }
                    } // End of Armature_finger_index_01_L
                    Frame Armature_thumb_01_L {
                      FrameTransformMatrix {
                         0.283032,-0.101146,-0.953762, 0.000000,
                        -0.538190, 0.806360,-0.245224, 0.000000,
                         0.793879, 0.582712, 0.173790, 0.000000,
                         0.003795,-0.055682,-0.013590, 1.000000;;
                      }
                      Frame Armature_thumb_02_L {
                        FrameTransformMatrix {
                           0.775787, 0.567915, 0.275005, 0.000000,
                          -0.586308, 0.809877,-0.018512, 0.000000,
                          -0.233233,-0.146877, 0.961264, 0.000000,
                           0.000000, 0.065200,-0.000000, 1.000000;;
                        }
                      } // End of Armature_thumb_02_L
                    } // End of Armature_thumb_01_L
                  } // End of Armature_palm_01_L
                  Frame Armature_palm_02_L {
                    FrameTransformMatrix {
                       0.993676, 0.111462, 0.013568, 0.000000,
                      -0.110899, 0.993145,-0.036937, 0.000000,
                      -0.017592, 0.035199, 0.999226, 0.000000,
                       0.001608, 0.083998, 0.008765, 1.000000;;
                    }
                    Frame Armature_finger_middle_01_L {
                      FrameTransformMatrix {
                         0.949800, 0.233631, 0.208080, 0.000000,
                        -0.269490, 0.948795, 0.164814, 0.000000,
                        -0.158920,-0.212616, 0.964126, 0.000000,
                         0.000000, 0.064376,-0.000000, 1.000000;;
                      }
                    } // End of Armature_finger_middle_01_L
                  } // End of Armature_palm_02_L
                  Frame Armature_palm_03_L {
                    FrameTransformMatrix {
                       0.999924, 0.004346,-0.011508, 0.000000,
                      -0.005262, 0.996716,-0.080804, 0.000000,
                       0.011119, 0.080859, 0.996664, 0.000000,
                       0.024540, 0.075437, 0.039040, 1.000000;;
                    }
                    Frame Armature_finger_ring_01_L {
                      FrameTransformMatrix {
                         0.821822, 0.305556, 0.480879, 0.000000,
                        -0.408456, 0.904400, 0.123386, 0.000000,
                        -0.397206,-0.297820, 0.868062, 0.000000,
                        -0.000000, 0.081485, 0.000000, 1.000000;;
                      }
                    } // End of Armature_finger_ring_01_L
                  } // End of Armature_palm_03_L
                } // End of Armature_hand_L
              } // End of Armature_forearm_L
            } // End of Armature_upper_arm_L
          } // End of Armature_shoulder_L
          Frame Armature_shoulder_R {
            FrameTransformMatrix {
               0.380705, 0.117683,-0.917178, 0.000000,
              -0.920125,-0.050299,-0.388382, 0.000000,
              -0.091839, 0.991777, 0.089134, 0.000000,
              -0.038055, 0.252674, 0.066901, 1.000000;;
            }
            Frame Armature_upper_arm_R {
              FrameTransformMatrix {
                -0.248178, 0.944923, 0.213374, 0.000000,
                -0.020850, 0.215004,-0.976390, 0.000000,
                -0.968490,-0.246767,-0.033657, 0.000000,
                 0.027153, 0.284986,-0.035636, 1.000000;;
              }
              Frame Armature_forearm_R {
                FrameTransformMatrix {
                   0.890635,-0.219026, 0.398493, 0.000000,
                   0.076538, 0.936055, 0.343428, 0.000000,
                  -0.448231,-0.275370, 0.850447, 0.000000,
                  -0.000000, 0.362971,-0.000000, 1.000000;;
                }
                Frame Armature_hand_R {
                  FrameTransformMatrix {
                     0.085159,-0.023958, 0.996079, 0.000000,
                     0.143895, 0.989526, 0.011499, 0.000000,
                    -0.985922, 0.142352, 0.087714, 0.000000,
                     0.000000, 0.426516, 0.000000, 1.000000;;
                  }
                  Frame Armature_palm_01_R {
                    FrameTransformMatrix {
                       0.999960,-0.008851, 0.001619, 0.000000,
                       0.008997, 0.985026,-0.172174, 0.000000,
                      -0.000071, 0.172181, 0.985065, 0.000000,
                       0.025907, 0.081147,-0.023864, 1.000000;;
                    }
                    Frame Armature_finger_index_01_R {
                      FrameTransformMatrix {
                         0.927259,-0.299576,-0.224601, 0.000000,
                         0.371389, 0.812082, 0.450103, 0.000000,
                         0.047555,-0.500776, 0.864269, 0.000000,
                         0.000000, 0.062602, 0.000000, 1.000000;;
                      }
                    } // End of Armature_finger_index_01_R
                    Frame Armature_thumb_01_R {
                      FrameTransformMatrix {
                         0.283032, 0.101146, 0.953762, 0.000000,
                         0.538190, 0.806360,-0.245224, 0.000000,
                        -0.793879, 0.582712, 0.173790, 0.000000,
                        -0.003795,-0.055682,-0.013590, 1.000000;;
                      }
                      Frame Armature_thumb_02_R {
                        FrameTransformMatrix {
                           0.775787,-0.567915,-0.275005, 0.000000,
                           0.586308, 0.809877,-0.018512, 0.000000,
                           0.233233,-0.146877, 0.961264, 0.000000,
                           0.000000, 0.065200,-0.000000, 1.000000;;
                        }
                      } // End of Armature_thumb_02_R
                    } // End of Armature_thumb_01_R
                  } // End of Armature_palm_01_R
                  Frame Armature_palm_02_R {
                    FrameTransformMatrix {
                       0.993676,-0.111462,-0.013568, 0.000000,
                       0.110899, 0.993145,-0.036937, 0.000000,
                       0.017592, 0.035199, 0.999226, 0.000000,
                      -0.001608, 0.083998, 0.008765, 1.000000;;
                    }
                    Frame Armature_finger_middle_01_R {
                      FrameTransformMatrix {
                         0.949800,-0.233631,-0.208080, 0.000000,
                         0.269490, 0.948795, 0.164814, 0.000000,
                         0.158920,-0.212616, 0.964126, 0.000000,
                         0.000000, 0.064376,-0.000000, 1.000000;;
                      }
                    } // End of Armature_finger_middle_01_R
                  } // End of Armature_palm_02_R
                  Frame Armature_palm_03_R {
                    FrameTransformMatrix {
                       0.999924,-0.004346, 0.011508, 0.000000,
                       0.005262, 0.996716,-0.080804, 0.000000,
                      -0.011119, 0.080859, 0.996664, 0.000000,
                      -0.024540, 0.075437, 0.039040, 1.000000;;
                    }
                    Frame Armature_finger_ring_01_R {
                      FrameTransformMatrix {
                         0.821822,-0.305556,-0.480879, 0.000000,
                         0.408456, 0.904400, 0.123386, 0.000000,
                         0.397206,-0.297820, 0.868062, 0.000000,
                        -0.000000, 0.081485, 0.000000, 1.000000;;
                      }
                    } // End of Armature_finger_ring_01_R
                  } // End of Armature_palm_03_R
                } // End of Armature_hand_R
              } // End of Armature_forearm_R
            } // End of Armature_upper_arm_R
          } // End of Armature_shoulder_R
        } // End of Armature_ribs
      } // End of Armature_spine
      Frame Armature_thigh_L {
        FrameTransformMatrix {
           0.998460, 0.054174,-0.012450, 0.000000,
           0.054829,-0.996668, 0.060381, 0.000000,
          -0.009125,-0.060970,-0.998105, 0.000000,
           0.093061, 0.010869, 0.024357, 1.000000;;
        }
        Frame Armature_shin_L {
          FrameTransformMatrix {
             0.994227, 0.107013,-0.007828, 0.000000,
            -0.106798, 0.993990, 0.024038, 0.000000,
             0.010353,-0.023063, 0.999680, 0.000000,
            -0.000000, 0.405346,-0.000000, 1.000000;;
          }
        } // End of Armature_shin_L
      } // End of Armature_thigh_L
      Frame Armature_thigh_R {
        FrameTransformMatrix {
           0.998459,-0.054174, 0.012450, 0.000000,
          -0.054829,-0.996668, 0.060381, 0.000000,
           0.009125,-0.060970,-0.998105, 0.000000,
          -0.093061, 0.010869, 0.024357, 1.000000;;
        }
        Frame Armature_shin_R {
          FrameTransformMatrix {
             0.994227,-0.107013, 0.007828, 0.000000,
             0.106798, 0.993990, 0.024038, 0.000000,
            -0.010353,-0.023063, 0.999680, 0.000000,
            -0.000000, 0.405346,-0.000000, 1.000000;;
          }
        } // End of Armature_shin_R
      } // End of Armature_thigh_R
    } // End of Armature_hips
    Frame Armature_lk_foot_R {
      FrameTransformMatrix {
         1.000000, 0.000000, 0.000000, 0.000000,
         0.000000, 0.000000,-1.000000, 0.000000,
        -0.000000, 1.000000, 0.000000, 0.000000,
        -0.088122, 0.016200, 0.119772, 1.000000;;
      }
      Frame Armature_foot_R {
        FrameTransformMatrix {
           0.997379, 0.044717,-0.056879, 0.000000,
          -0.071943, 0.696504,-0.713937, 0.000000,
           0.007691, 0.716158, 0.697896, 0.000000,
          -0.000000,-0.000000, 0.000000, 1.000000;;
        }
        Frame Armature_toe_R {
          FrameTransformMatrix {
            -0.997379, 0.071943,-0.007691, 0.000000,
             0.060832, 0.776281,-0.627444, 0.000000,
            -0.039170,-0.626268,-0.778623, 0.000000,
             0.000000, 0.137299,-0.000000, 1.000000;;
          }
        } // End of Armature_toe_R
      } // End of Armature_foot_R
      Frame Armature_heel_R {
        FrameTransformMatrix {
          -0.997495,-0.057508,-0.041181, 0.000000,
          -0.070506, 0.854928, 0.513934, 0.000000,
           0.005651, 0.515550,-0.856841, 0.000000,
          -0.000000,-0.000000, 0.000000, 1.000000;;
        }
      } // End of Armature_heel_R
    } // End of Armature_lk_foot_R
    Frame Armature_lk_foot_L {
      FrameTransformMatrix {
         1.000000,-0.000000, 0.000000, 0.000000,
         0.000000, 0.000000,-1.000000, 0.000000,
         0.000000, 1.000000, 0.000000, 0.000000,
         0.088122, 0.016200, 0.119772, 1.000000;;
      }
      Frame Armature_foot_L {
        FrameTransformMatrix {
           0.997379,-0.044717, 0.056879, 0.000000,
           0.071943, 0.696504,-0.713937, 0.000000,
          -0.007691, 0.716158, 0.697896, 0.000000,
           0.000000,-0.000000, 0.000000, 1.000000;;
        }
        Frame Armature_toe_L {
          FrameTransformMatrix {
            -0.997379,-0.071943, 0.007691, 0.000000,
            -0.060832, 0.776281,-0.627444, 0.000000,
             0.039170,-0.626268,-0.778623, 0.000000,
            -0.000000, 0.137299,-0.000000, 1.000000;;
          }
        } // End of Armature_toe_L
      } // End of Armature_foot_L
      Frame Armature_heel_L {
        FrameTransformMatrix {
          -0.997495, 0.057508, 0.041181, 0.000000,
           0.070506, 0.854928, 0.513934, 0.000000,
          -0.005651, 0.515550,-0.856841, 0.000000,
           0.000000,-0.000000, 0.000000, 1.000000;;
        }
      } // End of Armature_heel_L
    } // End of Armature_lk_foot_L
    Frame new_thin_zombie {
      FrameTransformMatrix {
         0.252683, 0.000000, 0.000000, 0.000000,
         0.000000, 0.252683, 0.000000, 0.000000,
         0.000000, 0.000000, 0.252683, 0.000000,
         0.000000,-0.047413, 1.075641, 1.000000;;
      }
      Mesh { // new_thin_zombie mesh
        2910;
        -0.117073; 0.090114;-0.340087;,
        -0.341129; 0.259720;-0.369205;,
        -0.010117; 0.210505;-0.125363;,
        -0.426221;-0.401292; 3.396356;,
        -0.385188; 0.092011; 3.380544;,
        -0.284297; 0.065114; 3.271943;,
        -0.274575; 0.409078;-3.518568;,
        -0.314693; 0.455248;-3.792765;,
        -0.353737; 0.432400;-3.741469;,
         0.413383; 0.056722; 2.917369;,
         0.225196;-0.080128; 2.642043;,
         0.647675; 0.067944; 2.699116;,
        -0.117073; 0.090114;-0.340087;,
         0.006317;-0.017626;-0.318264;,
        -0.016941; 0.034086;-0.429515;,
        -0.051027;-0.073837;-0.411463;,
        -0.016941; 0.034086;-0.429515;,
         0.006317;-0.017626;-0.318264;,
        -0.051027;-0.073837;-0.411463;,
         0.006317;-0.017626;-0.318264;,
        -0.183949;-0.224329;-0.187673;,
        -0.459066;-0.010020;-2.329098;,
        -0.363857; 0.000202;-2.207780;,
        -0.451972;-0.193731;-1.745525;,
         0.969992; 0.770352; 2.279049;,
         1.043544; 0.762340; 2.548185;,
         1.078504; 0.754553; 2.272529;,
         0.486676;-0.434612;-0.705192;,
         0.476322;-0.363425;-1.424425;,
         0.596577;-0.324522;-1.310337;,
        -0.270029; 0.207587;-2.076008;,
        -0.235826; 0.058191;-1.904587;,
        -0.243425; 0.120813;-2.188824;,
        -0.519048; 0.281323;-1.904794;,
        -0.420280; 0.302041;-1.860994;,
        -0.418745; 0.565083;-2.422581;,
        -0.519048; 0.281323;-1.904794;,
        -0.418745; 0.565083;-2.422581;,
        -0.573839; 0.514874;-2.468727;,
        -0.598342; 0.069287;-2.159517;,
        -0.581827;-0.052578;-1.745064;,
        -0.603491; 0.087540;-1.783305;,
        -0.184991;-0.091089;-1.499176;,
        -0.016941; 0.034086;-0.429515;,
        -0.051027;-0.073837;-0.411463;,
        -0.444025; 0.352213;-0.703649;,
        -0.406583; 0.376799;-1.169397;,
        -0.554623; 0.327313;-1.157590;,
         0.683235; 0.142129; 1.503266;,
         0.537441;-0.067578; 1.055194;,
         0.530844; 0.167696; 1.059666;,
        -0.606898;-0.360865;-0.666635;,
        -0.523645;-0.406892;-1.166906;,
        -0.453903;-0.436555;-0.671972;,
        -0.171862;-0.523341; 1.734157;,
        -0.210839;-0.443920; 1.035578;,
         0.171143;-0.464500; 0.983239;,
        -0.171862;-0.523341; 1.734157;,
         0.171143;-0.464500; 0.983239;,
         0.092443;-0.536788; 1.757542;,
        -0.210839;-0.443920; 1.035578;,
        -0.459038;-0.253292; 1.016946;,
        -0.305777;-0.440618; 0.321415;,
        -0.664196;-0.248107; 1.872060;,
        -0.459038;-0.253292; 1.016946;,
        -0.415318;-0.441546; 1.777907;,
        -0.537371; 0.211337;-4.147611;,
        -0.509497; 0.006056;-4.039125;,
        -0.424197; 0.193964;-3.755779;,
        -2.014387;-0.549244;-1.017935;,
        -1.886646;-0.310570;-0.963920;,
        -1.772596;-0.271179;-1.076577;,
         0.325551;-0.578727; 3.667616;,
         0.418918;-0.400952; 3.825063;,
         0.228898;-0.572878; 3.897739;,
         1.830992;-0.493035;-1.135745;,
         1.903672;-0.447819;-1.148483;,
         1.917324;-0.805845;-1.322131;,
         1.451871; 0.440360; 1.492981;,
         1.387384; 0.375918; 1.792460;,
         1.441952; 0.200207; 1.508650;,
        -0.342550; 0.542745;-4.142457;,
        -0.353737; 0.432400;-3.741469;,
        -0.314693; 0.455248;-3.792765;,
         0.001396; 0.862442; 2.653265;,
        -0.371295; 1.005927; 2.587948;,
        -0.000473; 0.724865; 2.835461;,
        -0.951534; 0.190788; 2.762447;,
        -0.315262;-0.025383; 2.719916;,
        -0.403377; 0.038725; 2.841721;,
        -1.462357;-0.091015;-0.280319;,
        -1.636094;-0.430598;-0.732880;,
        -1.580058;-0.181962;-0.659821;,
        -0.850704; 0.469506; 1.904499;,
        -0.887979; 0.232655; 1.848138;,
        -0.988012; 0.262972; 1.902278;,
         0.891483;-0.129829; 2.528189;,
         0.500624;-0.335196; 2.334724;,
         1.039874;-0.125178; 2.418172;,
        -1.763393;-0.118312;-0.416615;,
        -1.834514;-0.284323;-0.450302;,
        -1.759028;-0.133480;-0.149147;,
        -1.085502; 0.750879; 2.266929;,
        -1.193436; 0.572520; 2.031184;,
        -1.377039; 0.405995; 1.834266;,
        -1.636094;-0.430598;-0.732880;,
        -1.729699;-0.416518;-0.469112;,
        -1.792395;-0.562239;-0.663210;,
        -1.193436; 0.572520; 2.031184;,
        -1.075709; 0.651691; 2.154089;,
        -1.071242; 0.614844; 2.061796;,
        -0.117073; 0.090114;-0.340087;,
        -0.010117; 0.210505;-0.125363;,
         0.006317;-0.017626;-0.318264;,
         1.543518;-0.043356; 0.680542;,
         1.672781;-0.269396;-0.182991;,
         1.697977; 0.211657; 0.693501;,
         1.651572; 0.328301; 0.642010;,
         1.761536;-0.118293;-0.413022;,
         1.500320; 0.433683; 0.589716;,
        -0.850704; 0.469506; 1.904499;,
        -0.761771; 0.820769; 2.171621;,
        -0.560199; 0.795232; 1.806938;,
         0.271297; 0.481507;-4.257841;,
         0.250941; 0.186219;-4.257741;,
         0.187314; 0.387539;-4.212180;,
         0.200206;-0.428203; 3.607068;,
         0.325551;-0.578727; 3.667616;,
         0.028197;-0.755117; 3.608701;,
         0.765057; 0.820169; 2.176397;,
         0.969992; 0.770352; 2.279049;,
         0.992018; 0.455953; 1.959628;,
        -0.597442; 0.247385; 1.378162;,
        -0.546409; 0.116039; 1.020960;,
        -0.549010;-0.027944; 1.169339;,
        -0.275319; 0.576928; 1.446702;,
        -0.373913; 0.428306; 1.090335;,
        -0.423368; 0.526245; 1.413230;,
        -1.003258; 0.295621; 1.799289;,
        -0.992657; 0.454354; 1.959143;,
        -0.988012; 0.262972; 1.902278;,
         1.897692;-0.612105;-0.779004;,
         1.792906;-0.568418;-0.661834;,
         1.627835;-0.402862;-0.783943;,
        -0.438765; 0.516977; 3.038850;,
        -0.610813; 0.554129; 3.023870;,
        -0.678490; 0.356471; 3.024427;,
        -1.886646;-0.310570;-0.963920;,
        -1.665038;-0.197652;-0.888463;,
        -1.772596;-0.271179;-1.076577;,
         0.441857;-0.356057; 0.218379;,
         0.249321;-0.465478; 0.342974;,
         0.277419;-0.415147; 0.095066;,
         0.877164; 0.073165; 1.906705;,
         0.598386;-0.318625; 1.852600;,
         0.464377;-0.247264; 1.103154;,
         0.028197;-0.755117; 3.608701;,
        -0.020932;-0.742302; 3.606274;,
         0.099368;-0.781946; 3.451384;,
        -0.233644;-0.156459; 4.096020;,
        -0.189772;-0.376812; 4.070273;,
         0.174816;-0.193645; 4.109460;,
        -1.030387; 0.765207; 2.549891;,
        -1.251709; 0.485281; 2.666809;,
        -0.798576; 0.750901; 2.778381;,
         1.441952; 0.200207; 1.508650;,
         1.394859; 0.065602; 1.095715;,
         1.480122; 0.276543; 1.170886;,
        -0.000492; 0.305232; 0.084085;,
         0.302800; 0.242069;-0.378166;,
         0.124572; 0.101572;-0.339809;,
        -1.614740;-0.293329;-0.953057;,
        -1.580058;-0.181962;-0.659821;,
        -1.636094;-0.430598;-0.732880;,
        -0.573839; 0.514874;-2.468727;,
        -0.519099; 0.524826;-2.855478;,
        -0.693054; 0.365408;-2.558508;,
        -0.712074; 0.079904;-1.273917;,
        -0.554623; 0.327313;-1.157590;,
        -0.489621; 0.250101;-1.593630;,
         0.001251;-0.726760; 2.759458;,
        -0.077423;-0.395041; 2.839680;,
         0.123507;-0.372376; 2.861294;,
         0.228898;-0.572878; 3.897739;,
        -0.137520;-0.718377; 3.643068;,
         0.028197;-0.755117; 3.608701;,
         0.009362; 0.329208; 0.756524;,
        -0.373913; 0.428306; 1.090335;,
        -0.006730; 0.413981; 1.192686;,
         0.323832; 0.198242;-3.460623;,
         0.370936; 0.127069;-3.766506;,
         0.404565; 0.188183;-3.445732;,
         0.537441;-0.067578; 1.055194;,
         0.616305;-0.147255; 0.361934;,
         0.635594; 0.048751; 0.512190;,
         0.728122;-0.038361;-1.258125;,
         0.679534; 0.161137;-1.244609;,
         0.674788; 0.162904;-0.513038;,
        -1.663179; 0.104431; 0.674232;,
        -1.423612; 0.051170; 1.008327;,
        -1.485784; 0.262313; 1.165440;,
         0.426535; 0.303390;-1.869862;,
         0.353140; 0.227842;-1.692419;,
         0.482662; 0.257064;-1.577837;,
         0.515147; 0.273889;-1.893614;,
         0.426535; 0.303390;-1.869862;,
         0.482662; 0.257064;-1.577837;,
         0.164274;-0.148868;-1.222204;,
         0.178267; 0.110857;-1.571102;,
         0.246785; 0.067273;-1.973293;,
        -1.478818;-0.111781; 0.609196;,
        -1.423612; 0.051170; 1.008327;,
        -1.663179; 0.104431; 0.674232;,
         0.246370; 0.121115;-2.288234;,
         0.239639; 0.179296;-2.166857;,
         0.176131; 0.327929;-2.448055;,
         0.164274;-0.148868;-1.222204;,
         0.026396; 0.022732;-0.500602;,
         0.178267; 0.110857;-1.571102;,
         0.565194; 0.304461;-1.209579;,
         0.431660; 0.383303;-1.116404;,
         0.520365; 0.336279;-0.821355;,
         0.568445; 0.216146; 2.980619;,
         0.647675; 0.067944; 2.699116;,
         0.923981; 0.390071; 2.938854;,
         0.725857;-0.155039;-0.575821;,
         0.728122;-0.038361;-1.258125;,
         0.707308; 0.015340;-0.270915;,
         0.426170;-0.403503; 3.398592;,
         0.244753;-0.405828; 3.171058;,
         0.283044; 0.087597; 3.270726;,
        -0.020932;-0.742302; 3.606274;,
        -0.460025;-0.278167; 3.649350;,
        -0.207543;-0.422470; 3.594088;,
        -0.016941; 0.034086;-0.429515;,
        -0.235826; 0.058191;-1.904587;,
        -0.198895; 0.173917;-1.478200;,
         1.252329; 0.000124; 1.483829;,
         1.349638; 0.004461; 1.001897;,
         1.394859; 0.065602; 1.095715;,
        -1.862973;-0.431177;-1.259864;,
        -1.772596;-0.271179;-1.076577;,
        -1.614740;-0.293329;-0.953057;,
         0.274229;-0.004982;-3.973713;,
         0.430107;-0.429936;-4.078024;,
         0.353733;-0.085007;-3.968114;,
         0.187314; 0.387539;-4.212180;,
         0.183153; 0.189639;-4.136854;,
         0.249507; 0.226278;-3.781327;,
         0.439827; 0.433100;-4.213972;,
         0.447811; 0.304386;-3.767252;,
         0.524079; 0.255355;-4.159097;,
         0.923981; 0.390071; 2.938854;,
         0.891483;-0.129829; 2.528189;,
         1.139641; 0.076727; 2.606454;,
         1.627835;-0.402862;-0.783943;,
         1.593551;-0.335293;-0.504057;,
         1.546976;-0.171949;-0.511478;,
         1.627835;-0.402862;-0.783943;,
         1.546976;-0.171949;-0.511478;,
         1.610541;-0.287717;-0.939900;,
         0.261481; 0.346615; 3.674033;,
         0.314024; 0.184094; 3.902502;,
         0.402591; 0.146127; 3.701993;,
         1.651572; 0.328301; 0.642010;,
         1.415758; 0.452849; 1.167875;,
         1.480122; 0.276543; 1.170886;,
        -0.420280; 0.302041;-1.860994;,
        -0.489621; 0.250101;-1.593630;,
        -0.353167; 0.225286;-1.681297;,
         1.529571;-0.221077;-0.201583;,
         1.593551;-0.335293;-0.504057;,
         1.731420;-0.418797;-0.468995;,
         1.529571;-0.221077;-0.201583;,
         1.731420;-0.418797;-0.468995;,
         1.672781;-0.269396;-0.182991;,
         0.353733;-0.085007;-3.968114;,
         0.550510;-0.099560;-4.096449;,
         0.511618; 0.089687;-4.014114;,
         1.269142; 0.143475; 1.862732;,
         1.150428; 0.050588; 2.075167;,
         1.138894; 0.065383; 1.898271;,
         1.150428; 0.050588; 2.075167;,
         1.039874;-0.125178; 2.418172;,
         1.033293;-0.115732; 2.119252;,
         0.481404; 0.378955; 1.276242;,
         0.340413; 0.432226; 1.085693;,
         0.338348; 0.586725; 1.456834;,
         0.374261; 0.106290; 3.039492;,
         0.568445; 0.216146; 2.980619;,
         0.349319; 0.233021; 3.083657;,
        -0.654430; 0.104631;-0.121144;,
        -0.473120; 0.244667;-0.302627;,
        -0.444025; 0.352213;-0.703649;,
        -0.519099; 0.524826;-2.855478;,
        -0.353737; 0.432400;-3.741469;,
        -0.480083; 0.291430;-3.516174;,
         2.019901;-0.490915;-0.961239;,
         2.018991;-0.469353;-0.760941;,
         2.083573;-0.587728;-0.919215;,
        -0.371295; 1.005927; 2.587948;,
        -0.547473; 1.050480; 2.472335;,
        -0.557419; 0.794306; 2.918364;,
         0.679534; 0.161137;-1.244609;,
         0.565194; 0.304461;-1.209579;,
         0.674788; 0.162904;-0.513038;,
         0.404149;-0.338418; 3.529320;,
         0.348629;-0.593043; 3.352582;,
         0.426170;-0.403503; 3.398592;,
         0.006317;-0.017626;-0.318264;,
        -0.091005;-0.376531;-0.094610;,
        -0.183949;-0.224329;-0.187673;,
         0.006317;-0.017626;-0.318264;,
         0.087548;-0.111386;-0.292883;,
        -0.091005;-0.376531;-0.094610;,
        -1.478818;-0.111781; 0.609196;,
        -1.567377;-0.242363;-0.183950;,
        -1.237945; 0.049689; 0.966952;,
        -1.156239; 0.085287; 2.616747;,
        -0.910606;-0.125259; 2.530109;,
        -0.951534; 0.190788; 2.762447;,
         1.441952; 0.200207; 1.508650;,
         1.387384; 0.375918; 1.792460;,
         1.269142; 0.143475; 1.862732;,
         0.992018; 0.455953; 1.959628;,
         0.969992; 0.770352; 2.279049;,
         1.071601; 0.629533; 2.120521;,
        -0.988012; 0.262972; 1.902278;,
        -0.992657; 0.454354; 1.959143;,
        -0.850704; 0.469506; 1.904499;,
        -0.988012; 0.262972; 1.902278;,
        -0.887979; 0.232655; 1.848138;,
        -0.878572; 0.074179; 1.907275;,
         1.792906;-0.568418;-0.661834;,
         1.731420;-0.418797;-0.468995;,
         1.593551;-0.335293;-0.504057;,
         0.510606; 1.042702; 2.212593;,
         0.492556; 1.064074; 2.377184;,
         0.731174; 0.917815; 2.527701;,
         0.026396; 0.022732;-0.500602;,
         0.006317;-0.017626;-0.318264;,
         0.124572; 0.101572;-0.339809;,
         0.261481; 0.346615; 3.674033;,
         0.072344; 0.428695; 3.421983;,
         0.099803; 0.402771; 3.811805;,
         1.252329; 0.000124; 1.483829;,
         1.138894; 0.065383; 1.898271;,
         1.071763; 0.043585; 1.396834;,
        -0.135132;-0.783344; 3.316919;,
         0.146748;-0.769467; 3.296318;,
        -0.075365;-0.797592; 3.435703;,
        -1.663179; 0.104431; 0.674232;,
        -1.664819;-0.275939;-0.196217;,
        -1.478818;-0.111781; 0.609196;,
        -0.005673; 0.910892; 2.242927;,
        -0.005113; 0.726062; 1.779950;,
        -0.392547; 1.035480; 2.233718;,
         0.349319; 0.233021; 3.083657;,
         0.188827; 0.227829; 3.113082;,
         0.374261; 0.106290; 3.039492;,
        -1.220385;-0.008963; 1.365675;,
        -1.149442; 0.075271; 1.961618;,
        -1.333642; 0.064559; 1.544367;,
        -1.347678; 0.576362; 0.844471;,
        -1.419952; 0.450261; 1.170191;,
        -1.225560; 0.590207; 1.056897;,
         1.126478; 0.692020; 1.618876;,
         1.277243; 0.639747; 1.727972;,
         1.295947; 0.632390; 1.469132;,
         0.116195;-0.387862;-0.052695;,
         0.299427;-0.318088;-0.047907;,
         0.277419;-0.415147; 0.095066;,
        -0.850704; 0.469506; 1.904499;,
        -0.597442; 0.247385; 1.378162;,
        -0.887979; 0.232655; 1.848138;,
        -1.237945; 0.049689; 0.966952;,
        -1.110248; 0.223497; 0.807772;,
        -1.043987; 0.071034; 1.427464;,
         0.621146; 0.019894;-1.744564;,
         0.596577;-0.324522;-1.310337;,
         0.453205;-0.187107;-1.754055;,
        -0.072675; 0.416062; 3.798769;,
        -0.242610; 0.154928; 3.979216;,
         0.011850; 0.213337; 4.027588;,
        -0.230247; 0.207083; 3.114164;,
        -0.678490; 0.356471; 3.024427;,
        -0.390297; 0.095610; 3.008179;,
        -0.363857; 0.000202;-2.207780;,
        -0.327161; 0.196642;-3.462147;,
        -0.242318; 0.305113;-3.704081;,
        -0.327161; 0.196642;-3.462147;,
        -0.351405; 0.125418;-3.775842;,
        -0.255728; 0.213249;-3.768985;,
        -0.390297; 0.095610; 3.008179;,
        -0.403377; 0.038725; 2.841721;,
        -0.328319;-0.119274; 3.068430;,
        -0.418745; 0.565083;-2.422581;,
        -0.393930; 0.572687;-2.825162;,
        -0.519099; 0.524826;-2.855478;,
        -0.393930; 0.572687;-2.825162;,
        -0.274575; 0.409078;-3.518568;,
        -0.353737; 0.432400;-3.741469;,
        -0.274575; 0.409078;-3.518568;,
        -0.242318; 0.305113;-3.704081;,
        -0.314693; 0.455248;-3.792765;,
         1.230803; 0.554556; 0.824188;,
         1.608318;-0.005226;-0.422783;,
         1.201538; 0.246410; 0.390717;,
        -0.304720;-0.574565; 3.810690;,
        -0.419419;-0.399204; 3.825459;,
        -0.377482;-0.494473; 3.652402;,
         0.476322;-0.363425;-1.424425;,
         0.355335;-0.385118;-0.798009;,
         0.353923;-0.291933;-1.494114;,
        -0.173103; 0.350139; 3.356479;,
        -0.328319;-0.119274; 3.068430;,
        -0.284297; 0.065114; 3.271943;,
        -0.693054; 0.365408;-2.558508;,
        -0.480083; 0.291430;-3.516174;,
        -0.708136; 0.224266;-2.592764;,
         1.653704;-0.163568;-0.797335;,
         1.608318;-0.005226;-0.422783;,
         1.836278;-0.290854;-0.991079;,
         0.503758;-0.331679;-0.207831;,
         0.597206;-0.370164;-0.671702;,
         0.725857;-0.155039;-0.575821;,
        -0.197137;-0.079622; 2.659714;,
        -0.457719;-0.322741; 2.363386;,
        -0.008816;-0.377075; 2.147507;,
        -0.307379;-0.304781;-0.064789;,
        -0.051027;-0.073837;-0.411463;,
        -0.183949;-0.224329;-0.187673;,
        -0.547473; 1.050480; 2.472335;,
        -0.798576; 0.750901; 2.778381;,
        -0.557419; 0.794306; 2.918364;,
         0.877164; 0.073165; 1.906705;,
         0.464377;-0.247264; 1.103154;,
         0.683235; 0.142129; 1.503266;,
        -0.373913; 0.428306; 1.090335;,
        -0.510482; 0.263279; 0.687664;,
        -0.546409; 0.116039; 1.020960;,
        -0.641494;-0.112734;-0.104322;,
        -0.613307;-0.152440; 0.382891;,
        -0.640450; 0.049502; 0.477047;,
        -0.641494;-0.112734;-0.104322;,
        -0.640450; 0.049502; 0.477047;,
        -0.654430; 0.104631;-0.121144;,
        -0.480682;-0.338024;-0.225281;,
        -0.448923;-0.354231; 0.139344;,
        -0.613307;-0.152440; 0.382891;,
        -0.480682;-0.338024;-0.225281;,
        -0.613307;-0.152440; 0.382891;,
        -0.641494;-0.112734;-0.104322;,
        -2.016451;-0.575660;-0.624722;,
        -1.834514;-0.284323;-0.450302;,
        -2.019937;-0.466762;-0.755108;,
        -0.992657; 0.454354; 1.959143;,
        -0.959578; 0.758074; 2.252375;,
        -0.761771; 0.820769; 2.171621;,
        -0.549010;-0.027944; 1.169339;,
        -0.613307;-0.152440; 0.382891;,
        -0.459038;-0.253292; 1.016946;,
        -0.005281;-0.498609; 0.265914;,
        -0.305777;-0.440618; 0.321415;,
        -0.091005;-0.376531;-0.094610;,
        -0.210839;-0.443920; 1.035578;,
        -0.305777;-0.440618; 0.321415;,
        -0.005281;-0.498609; 0.265914;,
        -0.385188; 0.092011; 3.380544;,
        -0.173103; 0.350139; 3.356479;,
        -0.284297; 0.065114; 3.271943;,
        -1.831251;-0.492929;-1.135750;,
        -1.905337;-0.445168;-1.148970;,
        -1.863199;-0.699071;-1.398877;,
        -0.523645;-0.406892;-1.166906;,
        -0.349279;-0.320175;-1.421319;,
        -0.453903;-0.436555;-0.671972;,
        -0.270029; 0.207587;-2.076008;,
        -0.243425; 0.120813;-2.188824;,
        -0.171734; 0.277879;-2.490399;,
         0.843676; 0.471411; 1.900943;,
         0.765057; 0.820169; 2.176397;,
         0.992018; 0.455953; 1.959628;,
        -0.693054; 0.365408;-2.558508;,
        -0.519048; 0.281323;-1.904794;,
        -0.573839; 0.514874;-2.468727;,
        -1.347678; 0.576362; 0.844471;,
        -1.638094;-0.055161;-0.528745;,
        -1.519752; 0.430520; 0.614739;,
        -0.307379;-0.304781;-0.064789;,
        -0.091005;-0.376531;-0.094610;,
        -0.448923;-0.354231; 0.139344;,
        -0.549277; 0.039844;-2.564288;,
        -0.459066;-0.010020;-2.329098;,
        -0.598342; 0.069287;-2.159517;,
        -0.444025; 0.352213;-0.703649;,
        -0.341129; 0.259720;-0.369205;,
        -0.280651; 0.322860;-0.776725;,
        -0.459066;-0.010020;-2.329098;,
        -0.581827;-0.052578;-1.745064;,
        -0.598342; 0.069287;-2.159517;,
        -0.730411; 0.063193;-0.480924;,
        -0.554623; 0.327313;-1.157590;,
        -0.712074; 0.079904;-1.273917;,
        -0.473120; 0.244667;-0.302627;,
        -0.341129; 0.259720;-0.369205;,
        -0.444025; 0.352213;-0.703649;,
        -0.581827;-0.052578;-1.745064;,
        -0.703873;-0.154048;-1.252076;,
        -0.712074; 0.079904;-1.273917;,
        -0.581827;-0.052578;-1.745064;,
        -0.712074; 0.079904;-1.273917;,
        -0.603491; 0.087540;-1.783305;,
         0.228898;-0.572878; 3.897739;,
        -0.152996;-0.568394; 3.922626;,
        -0.137520;-0.718377; 3.643068;,
        -0.495765;-0.334130;-1.484200;,
        -0.703873;-0.154048;-1.252076;,
        -0.581827;-0.052578;-1.745064;,
        -0.406583; 0.376799;-1.169397;,
        -0.444025; 0.352213;-0.703649;,
        -0.280651; 0.322860;-0.776725;,
        -0.728062;-0.134450;-0.571350;,
        -0.606898;-0.360865;-0.666635;,
        -0.641494;-0.112734;-0.104322;,
        -0.728062;-0.134450;-0.571350;,
        -0.703873;-0.154048;-1.252076;,
        -0.606898;-0.360865;-0.666635;,
         1.295947; 0.632390; 1.469132;,
         1.415758; 0.452849; 1.167875;,
         1.274543; 0.570553; 1.100845;,
         0.468752;-0.262040; 3.633183;,
         0.404149;-0.338418; 3.529320;,
         0.426170;-0.403503; 3.398592;,
        -0.910606;-0.125259; 2.530109;,
        -0.999329;-0.163709; 2.358120;,
        -0.594781;-0.318147; 2.319555;,
        -0.549010;-0.027944; 1.169339;,
        -0.560376;-0.202619; 1.420634;,
        -0.878572; 0.074179; 1.907275;,
        -1.237945; 0.049689; 0.966952;,
        -1.567377;-0.242363;-0.183950;,
        -1.462357;-0.091015;-0.280319;,
         0.353923;-0.291933;-1.494114;,
         0.421689;-0.008556;-2.297653;,
         0.453205;-0.187107;-1.754055;,
        -1.156239; 0.085287; 2.616747;,
        -0.999329;-0.163709; 2.358120;,
        -0.910606;-0.125259; 2.530109;,
        -0.433828; 0.893428; 1.824751;,
        -0.423368; 0.526245; 1.413230;,
        -0.534461; 0.468355; 1.451135;,
         0.418924; 0.560601;-2.393143;,
         0.318124; 0.527735;-2.827632;,
         0.176131; 0.327929;-2.448055;,
        -0.451972;-0.193731;-1.745525;,
        -0.363857; 0.000202;-2.207780;,
        -0.349279;-0.320175;-1.421319;,
        -0.241094; 0.072720;-3.981273;,
        -0.204936; 0.134749;-4.151476;,
        -0.169720; 0.293230;-4.152931;,
        -0.641494;-0.112734;-0.104322;,
        -0.606898;-0.360865;-0.666635;,
        -0.480682;-0.338024;-0.225281;,
        -0.546409; 0.116039; 1.020960;,
        -0.640450; 0.049502; 0.477047;,
        -0.613307;-0.152440; 0.382891;,
         1.277243; 0.639747; 1.727972;,
         1.209156; 0.567438; 2.049701;,
         1.324019; 0.477705; 1.886771;,
         1.792906;-0.568418;-0.661834;,
         1.593551;-0.335293;-0.504057;,
         1.627835;-0.402862;-0.783943;,
        -0.451972;-0.193731;-1.745525;,
        -0.581827;-0.052578;-1.745064;,
        -0.459066;-0.010020;-2.329098;,
         0.374261; 0.106290; 3.039492;,
         0.188827; 0.227829; 3.113082;,
         0.207958; 0.141910; 3.167996;,
         1.388767; 0.442307; 2.421542;,
         1.324019; 0.477705; 1.886771;,
         1.352129; 0.510689; 2.219603;,
         1.777729;-0.434681;-1.200075;,
         1.865150;-0.470631;-1.288492;,
         1.863183;-0.698986;-1.398862;,
        -0.303769; 0.016041;-4.254568;,
        -0.564125;-0.294768;-4.277469;,
        -0.433446; 0.363439;-4.266969;,
         0.510606; 1.042702; 2.212593;,
        -0.005673; 0.910892; 2.242927;,
